   0.833       0  0.0111       0       0  0.0667  0.0444       0  0.0444       0
       0   0.954       0       0       0  0.0185 0.00926       0  0.0185       0
 0.00971  0.0291   0.748  0.0583 0.00971 0.00971  0.0583  0.0194  0.0485 0.00971
       0    0.02       0     0.8       0    0.03    0.02    0.05    0.03    0.05
       0       0       0       0   0.776 0.00935  0.0187 0.00935  0.0187   0.168
  0.0217  0.0109  0.0109    0.13  0.0326   0.685  0.0109  0.0109  0.0217  0.0652
       0   0.044   0.044       0  0.0659  0.0549   0.758       0   0.033       0
       0   0.066  0.0283       0  0.0283       0       0   0.736  0.0189   0.123
 0.00971  0.0194  0.0291   0.117  0.0194  0.0874       0 0.00971   0.621  0.0874
    0.01    0.01       0    0.02     0.1    0.02       0    0.02    0.02     0.8
0    0.833     262    7308    -105
1    0.954     898   25116     -46
2    0.748     263    7336    -108
3      0.8     206    5740     -98
4    0.776     112    3108     -94
5    0.685     880   24612    -100
6    0.758     633   17696     -87
7    0.736     565   15792     -78
8    0.621     573   16016    -100
9      0.8      59    1624     -81
