    -2.382    -2.382    -2.382    -2.382    -2.382    -2.382    -2.382    -2.382    -2.382    -2.382    -2.382    -2.382    -2.382    -2.382    -2.382    -2.382    -2.382    -2.382    -2.382    -2.382    -2.382    -2.382    -2.382    -2.382    -2.382    -2.382    -2.382    -2.382
    -2.382    -2.382    -2.382    -2.382    -2.382    -2.382    -2.382    -2.382    -2.382    -2.382    -2.382    -2.382    -2.382    -2.382    -2.382    -2.382    -2.382    -2.382    -2.382    -2.382    -2.382    -2.382    -2.382    -2.382    -2.382    -2.382    -2.382    -2.382
    -2.382    -2.382    -2.382    -2.382    -2.382    -2.382    -2.382    -2.382    -2.382    -2.382    -2.382    -2.382    -2.382    -2.382    -2.382    -2.382    -2.382    -2.382    -2.382    -2.382    -2.382    -2.382    -2.382    -2.382    -2.382    -2.382    -2.382    -2.382
    -2.382    -2.382    -2.382    -2.382    -2.382    -2.382    -2.382    -2.382    -2.382    -2.382    -2.206    -1.905    -1.729    -1.569    -1.479    -1.453    -1.479    -1.453    -1.537     -1.78    -1.905    -2.206    -2.382    -2.382    -2.382    -2.382    -2.382    -2.382
    -2.382    -2.382    -2.382    -2.382    -2.382    -2.382    -2.382    -2.206    -1.905    -1.569    -1.268   -0.9049   -0.6744     -0.54   -0.4302   -0.3734   -0.3842   -0.3756    -0.445   -0.5559   -0.7485   -0.9427    -1.178    -1.569    -2.081    -2.382    -2.382    -2.382
    -2.382    -2.382    -2.382    -2.382    -2.382    -2.382    -2.206    -1.984    -1.507     -1.07   -0.7288   -0.5625   -0.3886   -0.2517   -0.1685   -0.1196   -0.1102   -0.1231   -0.1945   -0.2834    -0.445   -0.6003   -0.8837    -1.236    -1.905    -2.382    -2.382    -2.382
    -2.382    -2.382    -2.382    -2.382    -2.081    -2.081    -1.984    -1.569    -1.139   -0.7193   -0.4984   -0.3588   -0.2313   -0.1415  -0.09198  -0.05671  -0.04756  -0.05466   -0.0931   -0.1554   -0.2598   -0.4302   -0.6417    -1.011    -1.642    -2.382    -2.382    -2.382
    -2.382    -2.382    -2.382    -2.382    -2.206    -2.081     -1.78    -1.206   -0.7536   -0.5128   -0.3588   -0.2192   -0.1208  -0.06605   -0.0598  -0.04958   -0.0516  -0.04257  -0.05671  -0.08535   -0.1503   -0.2904   -0.5217   -0.8379    -1.382    -2.382    -2.382    -2.382
    -2.382    -2.382    -2.382    -2.382    -2.206    -1.905    -1.341   -0.9427   -0.5896   -0.3886   -0.2103   -0.1353  -0.08755  -0.07559  -0.09087   -0.1044   -0.1208  -0.09872  -0.08535  -0.06815   -0.1196   -0.1861    -0.365   -0.7008    -1.139    -2.382    -2.382    -2.382
    -2.382    -2.382    -2.382    -2.382    -2.206    -1.604     -1.04   -0.6417   -0.4375   -0.2437   -0.1304  -0.08976  -0.09198   -0.1267   -0.1738   -0.2177   -0.2406   -0.2252    -0.158  -0.09422  -0.09198   -0.1528   -0.2697   -0.5157    -1.081    -2.382    -2.382    -2.382
    -2.382    -2.382    -2.382    -2.382    -2.206    -1.221    -0.808   -0.4927   -0.2921   -0.1516  -0.08755  -0.08535   -0.1353   -0.2045   -0.2939   -0.4089   -0.4577   -0.3842   -0.2748    -0.158   -0.0931    -0.116   -0.2002   -0.4089   -0.9588    -2.382    -2.382    -2.382
    -2.382    -2.382    -2.382    -2.382    -1.905   -0.9929   -0.5861   -0.3526   -0.1917  -0.09985   -0.0931   -0.1365   -0.2162   -0.3466   -0.4735   -0.6456    -0.724   -0.6223   -0.3842   -0.2132   -0.1056  -0.09646   -0.1712   -0.3713   -0.8197    -2.081    -2.206    -2.382
    -2.382    -2.382    -2.382    -2.382    -1.729   -0.7435   -0.4375   -0.2485    -0.116  -0.08207   -0.1219   -0.2118   -0.3547   -0.5463   -0.8379     -1.07     -1.07   -0.7746   -0.5099   -0.2631   -0.1231  -0.09872   -0.1541   -0.3347    -0.764    -1.984    -2.206    -2.382
    -2.382    -2.382    -2.206    -2.382    -1.382   -0.6223   -0.3406   -0.1712  -0.08645  -0.09087   -0.1725    -0.301     -0.54    -0.808    -1.152    -1.361    -1.321   -0.8701   -0.5308    -0.301   -0.1316  -0.09534   -0.1645   -0.3232   -0.7146    -2.081    -2.206    -2.382
    -2.382    -2.382    -2.382    -2.382    -1.192   -0.4816   -0.2421   -0.1125  -0.08099   -0.1243   -0.2501   -0.4475   -0.7588    -1.139    -1.507    -1.683    -1.361   -0.7966    -0.507   -0.2714    -0.134   -0.1102   -0.1712   -0.3367    -0.724    -2.206    -2.382    -2.382
    -2.382    -2.382    -2.382    -2.206     -1.07   -0.3997   -0.1917  -0.09087  -0.08865   -0.1554   -0.3387   -0.6112     -1.02    -1.428    -2.081    -1.729    -1.192   -0.7008   -0.4135   -0.2282   -0.1255   -0.1219   -0.2045   -0.3756    -0.764    -2.206    -2.382    -2.382
    -2.382    -2.382    -2.382    -2.206   -0.9196   -0.3506   -0.1554  -0.07345  -0.09198   -0.2045   -0.4351   -0.8257    -1.152    -1.683    -1.838    -1.252   -0.8635   -0.5308    -0.301    -0.182   -0.1184   -0.1452   -0.2485   -0.4552   -0.8505    -2.206    -2.382    -2.382
    -2.382    -2.382    -2.382    -2.382   -0.7966   -0.3176   -0.1365  -0.07345    -0.101   -0.2267   -0.4709   -0.8442    -1.127    -1.382    -1.178   -0.9049   -0.5861    -0.327   -0.2059   -0.1304   -0.1125   -0.1903   -0.3367   -0.5592   -0.9841    -2.382    -2.382    -2.382
    -2.382    -2.382    -2.382    -2.206   -0.7692   -0.3176   -0.1365  -0.06921  -0.09422   -0.2359   -0.4475   -0.6918   -0.8379   -0.8701   -0.7337   -0.5157   -0.3194   -0.2002   -0.1415   -0.1056   -0.1567   -0.2697   -0.4375   -0.7288    -1.127    -2.206    -2.382    -2.382
    -2.382    -2.382    -2.382    -2.081   -0.8022   -0.3608   -0.1541  -0.07239   -0.0931   -0.1567   -0.2782    -0.445   -0.4955   -0.4762   -0.3864   -0.2598   -0.1806   -0.1184   -0.0931   -0.1304   -0.2206   -0.3886   -0.6003   -0.9929    -1.428    -2.206    -2.382    -2.382
    -2.382    -2.382    -2.382    -2.081   -0.8977   -0.4254   -0.2132  -0.09198  -0.06187  -0.08207   -0.1172    -0.182   -0.2002   -0.1889    -0.158   -0.1196  -0.09087  -0.07667   -0.1102   -0.2252   -0.3734   -0.5277   -0.8701    -1.268    -1.838    -2.206    -2.206    -2.382
    -2.382    -2.382    -2.382    -2.206     -1.06   -0.5725   -0.2939    -0.144  -0.06921  -0.04456  -0.04356  -0.04656  -0.06605  -0.07774  -0.07132  -0.05671  -0.06395   -0.1172   -0.2237   -0.3629   -0.5559   -0.8701    -1.178    -1.683    -2.081    -2.206    -2.206    -2.382
    -2.382    -2.382    -2.382    -2.206    -1.303    -0.764   -0.4656   -0.2614   -0.1503   -0.0799  -0.04556  -0.03566  -0.03664  -0.04456  -0.05876  -0.08645   -0.1712   -0.2714   -0.4326     -0.63   -0.8505    -1.165    -1.642    -2.081    -2.382    -2.206    -2.206    -2.382
    -2.382    -2.382    -2.382    -2.382    -1.984    -1.192   -0.8197   -0.5369   -0.3367   -0.2132    -0.134   -0.1125   -0.1137   -0.1304   -0.1806   -0.2714   -0.3997   -0.6075   -0.8197     -1.05    -1.428    -1.729    -1.984    -2.206    -2.382    -2.382    -2.382    -2.382
    -2.382    -2.382    -2.382    -2.382    -2.081    -2.081    -1.683    -1.453    -1.139   -0.9049   -0.7966   -0.7099   -0.6874   -0.7146   -0.7588   -0.8442     -1.05    -1.252    -1.507     -1.78    -2.081    -2.081    -2.206    -2.382    -2.382    -2.382    -2.382    -2.382
    -2.382    -2.382    -2.382    -2.382    -2.382    -2.382    -2.382    -2.382    -2.382    -2.206    -2.081    -1.984    -1.984    -1.984    -2.081    -2.081    -2.382    -2.382    -2.382    -2.382    -2.382    -2.382    -2.382    -2.382    -2.382    -2.382    -2.382    -2.382
    -2.382    -2.382    -2.382    -2.382    -2.382    -2.382    -2.382    -2.382    -2.382    -2.382    -2.382    -2.382    -2.382    -2.382    -2.382    -2.382    -2.382    -2.382    -2.382    -2.382    -2.382    -2.382    -2.382    -2.382    -2.382    -2.382    -2.382    -2.382
    -2.382    -2.382    -2.382    -2.382    -2.382    -2.382    -2.382    -2.382    -2.382    -2.382    -2.382    -2.382    -2.382    -2.382    -2.382    -2.382    -2.382    -2.382    -2.382    -2.382    -2.382    -2.382    -2.382    -2.382    -2.382    -2.382    -2.382    -2.382

    -2.452    -2.452    -2.452    -2.452    -2.452    -2.452    -2.452    -2.452    -2.452    -2.452    -2.452    -2.452    -2.452    -2.452    -2.452    -2.452    -2.452    -2.452    -2.452    -2.452    -2.452    -2.452    -2.452    -2.452    -2.452    -2.452    -2.452    -2.452
    -2.452    -2.452    -2.452    -2.452    -2.452    -2.452    -2.452    -2.452    -2.452    -2.452    -2.452    -2.452    -2.452    -2.452    -2.452    -2.452    -2.452    -2.452    -2.452    -2.452    -2.452    -2.452    -2.452    -2.452    -2.452    -2.452    -2.452    -2.452
    -2.452    -2.452    -2.452    -2.452    -2.452    -2.452    -2.452    -2.452    -2.452    -2.452    -2.452    -2.452    -2.452    -2.452    -2.452    -2.452    -2.452    -2.452    -2.452    -2.452    -2.452    -2.452    -2.452    -2.452    -2.452    -2.452    -2.452    -2.452
    -2.452    -2.452    -2.452    -2.452    -2.452    -2.452    -2.452    -2.452    -2.452    -2.452    -2.452    -2.276    -2.276    -1.799     -1.85    -1.674     -1.85    -1.908    -1.908    -2.054    -2.151    -2.151    -2.452    -2.452    -2.452    -2.452    -2.452    -2.452
    -2.452    -2.452    -2.452    -2.452    -2.276    -2.452    -2.452    -2.276    -2.276    -2.151    -1.711    -1.373    -1.037   -0.7528   -0.6355   -0.6005   -0.6389   -0.6036   -0.6005     -0.67   -0.8497    -1.173    -1.549    -2.151    -2.276    -2.452    -2.452    -2.452
    -2.452    -2.452    -2.276    -2.276    -2.452    -2.452    -2.151    -2.054    -2.054    -1.975    -1.498     -1.14   -0.8337    -0.538   -0.4144   -0.3514   -0.3263   -0.3296   -0.3514   -0.4306   -0.6594   -0.9535    -1.355    -1.908    -2.151    -2.452    -2.276    -2.452
    -2.452    -2.452    -2.452    -2.452    -2.452    -2.452    -2.151    -2.054    -1.908    -1.908     -1.41    -1.109    -0.789   -0.5024   -0.3329   -0.2771   -0.2409   -0.2601   -0.3103   -0.4124   -0.6559   -0.9747    -1.452    -1.975    -2.151    -2.452    -2.452    -2.452
    -2.452    -2.452    -2.452    -2.276    -2.276    -2.276    -2.054    -1.975    -1.908     -1.85    -1.498    -1.119   -0.7572    -0.465   -0.2889    -0.205   -0.1834   -0.2252   -0.3057    -0.454   -0.7528    -1.162    -1.639    -2.054    -2.452    -2.452    -2.452    -2.452
    -2.452    -2.452    -2.452    -2.276    -2.276    -2.452    -2.276    -2.054    -1.908     -1.85    -1.577    -1.109   -0.7316   -0.4389   -0.2383     -0.14   -0.1306   -0.2278   -0.3231   -0.5542   -0.9747     -1.41    -1.799    -2.452    -2.452    -2.452    -2.452    -2.452
    -2.452    -2.276    -2.452    -2.276    -2.452    -2.452    -2.276    -2.151    -1.975    -1.799    -1.607     -1.13   -0.7358    -0.393   -0.1765  -0.07521   -0.1163   -0.2383   -0.4026   -0.6809    -1.221    -1.908    -2.276    -2.452    -2.452    -2.452    -2.452    -2.452
    -2.452    -2.276    -2.452    -2.452    -2.452    -2.452    -2.276    -2.276    -1.975    -1.753    -1.674    -1.185   -0.7194   -0.3312  -0.09768  -0.03431   -0.1094   -0.2742   -0.5048   -0.9333    -1.607    -2.151    -2.452    -2.452    -2.452    -2.276    -2.452    -2.452
    -2.452    -2.452    -2.452    -2.452    -2.452    -2.452    -2.276    -1.975    -1.908     -1.85    -1.674    -1.338   -0.6921   -0.2343  -0.04101  -0.02123   -0.1173   -0.3312   -0.6921    -1.391    -2.151    -2.276    -2.452    -2.452    -2.452    -2.276    -2.452    -2.452
    -2.452    -2.452    -2.452    -2.452    -2.452    -2.452    -2.054    -2.054    -1.975     -1.85    -1.799     -1.41   -0.6098   -0.1348 -0.009307  -0.01562   -0.1265   -0.4327   -0.9894    -1.753    -2.452    -2.276    -2.452    -2.452    -2.452    -2.452    -2.452    -2.452
    -2.452    -2.452    -2.452    -2.452    -2.452    -2.276    -2.151    -2.151    -2.054    -1.908    -1.908     -1.29   -0.4411  -0.04953 -0.004628  -0.01483   -0.1629   -0.6257    -1.355    -2.276    -2.452    -2.452    -2.452    -2.452    -2.452    -2.452    -2.452    -2.452
    -2.452    -2.452    -2.452    -2.452    -2.452    -2.151    -2.276    -2.452    -2.276    -2.054    -1.674   -0.9675   -0.2859  -0.02042 -0.002308  -0.02528   -0.2949   -0.9399    -1.753    -2.276    -2.276    -2.276    -2.452    -2.452    -2.452    -2.276    -2.276    -2.452
    -2.452    -2.452    -2.452    -2.452    -2.452    -2.452    -2.452    -2.151    -2.151    -2.054    -1.498   -0.6629   -0.1811  -0.01802 -0.002308  -0.04953   -0.4368    -1.185     -1.85    -2.276    -2.276    -2.276    -2.452    -2.452    -2.452    -2.452    -2.452    -2.452
    -2.452    -2.452    -2.452    -2.452    -2.276    -2.276    -2.151    -2.151    -2.151    -1.799     -1.02   -0.4475   -0.1432  -0.01802  -0.01009   -0.1113   -0.5914    -1.355    -1.975    -1.975    -2.452    -2.452    -2.452    -2.452    -2.452    -2.452    -2.452    -2.452
    -2.452    -2.452    -2.452    -2.452    -2.276    -2.151    -2.151    -2.151     -1.85    -1.276   -0.6524   -0.3296   -0.1275  -0.02203  -0.04355   -0.2477     -0.67    -1.391    -1.799     -1.85    -2.276    -2.452    -2.452    -2.452    -2.452    -2.452    -2.276    -2.452
    -2.452    -2.452    -2.452    -2.452    -2.452    -2.452    -2.151    -1.975    -1.522   -0.9077   -0.4927   -0.2643   -0.1143  -0.04017  -0.09768   -0.3531   -0.6846    -1.234    -1.639    -1.711    -1.908    -2.054    -2.276    -2.276    -2.276    -2.452    -2.276    -2.151
    -2.452    -2.452    -2.452    -2.452    -2.452    -2.276    -2.276    -1.711      -1.1   -0.6355    -0.393   -0.2265   -0.1234  -0.08072    -0.187   -0.3949   -0.6846    -1.261    -1.498    -1.674    -1.753    -1.908    -2.151    -2.151    -2.151    -2.276    -2.452    -2.151
    -2.452    -2.452    -2.452    -2.276    -2.276    -2.151    -1.711    -1.248   -0.7986      -0.5   -0.3279   -0.2213   -0.1454   -0.1464   -0.2587   -0.4285   -0.6559    -1.162    -1.474    -1.639    -1.799    -1.799    -2.054    -2.151    -2.054    -2.054    -2.452    -2.452
    -2.452    -2.452    -2.452    -2.276    -2.276    -2.151    -1.474    -1.054   -0.6524   -0.4244   -0.3041   -0.2226   -0.1846   -0.2087   -0.3231    -0.454   -0.6389    -1.029     -1.41    -1.753    -1.799    -1.975    -2.151    -2.276    -2.151    -2.276    -2.276    -2.452
    -2.452    -2.452    -2.452    -2.276    -2.276    -1.908    -1.452   -0.9016    -0.571   -0.3968    -0.301   -0.2629   -0.2477   -0.2786   -0.3412   -0.4673   -0.6629     -1.02    -1.373    -1.753    -1.908    -2.151    -2.276    -2.276    -2.276    -2.276    -2.452    -2.452
    -2.452    -2.452    -2.452    -2.452    -2.276    -1.799    -1.452   -0.9535   -0.6098   -0.4244   -0.3514   -0.3584   -0.3566   -0.3637   -0.3949    -0.538   -0.7316    -1.045    -1.452    -1.799    -1.975    -2.276    -2.452    -2.452    -2.452    -2.452    -2.452    -2.452
    -2.452    -2.452    -2.452    -2.452    -2.452    -2.151     -1.85    -1.474     -1.13   -0.9333    -0.839   -0.8443   -0.8663   -0.8552    -0.872    -1.012    -1.261    -1.522    -1.908    -2.151    -2.276    -2.452    -2.452    -2.452    -2.452    -2.452    -2.452    -2.452
    -2.452    -2.452    -2.452    -2.452    -2.452    -2.452    -2.452    -2.452    -2.276    -2.054    -2.054    -2.151    -2.276    -2.054    -2.054    -2.276    -2.452    -2.452    -2.452    -2.452    -2.452    -2.452    -2.452    -2.452    -2.452    -2.452    -2.452    -2.452
    -2.452    -2.452    -2.452    -2.452    -2.452    -2.452    -2.452    -2.452    -2.452    -2.452    -2.452    -2.452    -2.452    -2.452    -2.452    -2.452    -2.452    -2.452    -2.452    -2.452    -2.452    -2.452    -2.452    -2.452    -2.452    -2.452    -2.452    -2.452
    -2.452    -2.452    -2.452    -2.452    -2.452    -2.452    -2.452    -2.452    -2.452    -2.452    -2.452    -2.452    -2.452    -2.452    -2.452    -2.452    -2.452    -2.452    -2.452    -2.452    -2.452    -2.452    -2.452    -2.452    -2.452    -2.452    -2.452    -2.452

     -2.39     -2.39     -2.39     -2.39     -2.39     -2.39     -2.39     -2.39     -2.39     -2.39     -2.39     -2.39     -2.39     -2.39     -2.39     -2.39     -2.39     -2.39     -2.39     -2.39     -2.39     -2.39     -2.39     -2.39     -2.39     -2.39     -2.39     -2.39
     -2.39     -2.39     -2.39     -2.39     -2.39     -2.39     -2.39     -2.39     -2.39     -2.39     -2.39     -2.39     -2.39     -2.39     -2.39    -2.089    -2.089    -2.214     -2.39     -2.39     -2.39     -2.39     -2.39     -2.39     -2.39     -2.39     -2.39     -2.39
     -2.39     -2.39     -2.39     -2.39     -2.39     -2.39     -2.39    -2.214    -2.214    -2.089    -1.992    -1.913    -1.612    -1.577    -1.577    -1.577     -1.65    -1.612    -1.846    -1.992     -2.39     -2.39     -2.39    -2.214    -2.214     -2.39     -2.39     -2.39
     -2.39     -2.39     -2.39     -2.39     -2.39    -2.214    -1.846    -1.577    -1.349      -1.1   -0.9507   -0.7826   -0.6825   -0.6155   -0.5771   -0.5544   -0.6419   -0.7417   -0.8987    -1.089    -1.369     -1.65    -1.992    -2.214    -2.214     -2.39     -2.39     -2.39
     -2.39     -2.39     -2.39     -2.39     -2.39    -1.691    -1.369    -1.173   -0.8987   -0.6617   -0.5388   -0.4123   -0.3163   -0.2549   -0.2272   -0.2287   -0.2533   -0.3219   -0.4556   -0.6342   -0.8586    -1.058    -1.461    -2.214    -2.214    -2.214     -2.39     -2.39
     -2.39     -2.39     -2.39     -2.39    -1.992    -1.412    -1.135   -0.8586   -0.6229    -0.471   -0.3389   -0.2439   -0.1805   -0.1336   -0.1171   -0.1079   -0.1324   -0.1686   -0.2581   -0.3966   -0.5607   -0.7826      -1.1     -1.65    -2.214    -2.214     -2.39     -2.39
     -2.39     -2.39     -2.39    -2.214    -1.846    -1.311     -1.01   -0.7368   -0.5092   -0.3586   -0.2581   -0.1914   -0.1545   -0.1336   -0.1159   -0.1147   -0.1124   -0.1252   -0.1792   -0.2828   -0.4505   -0.6155   -0.9129    -1.461    -2.214     -2.39     -2.39     -2.39
     -2.39     -2.39    -2.214    -2.089    -1.545     -1.16   -0.8917   -0.6782   -0.4843   -0.3566   -0.2646   -0.2183   -0.1955   -0.2011   -0.2257   -0.1997   -0.1779    -0.147   -0.1846   -0.2549   -0.3627   -0.5672   -0.8046     -1.26    -2.214     -2.39     -2.39     -2.39
     -2.39     -2.39    -2.214    -2.089    -1.515    -1.123   -0.9507   -0.6954   -0.5512   -0.4286   -0.3689   -0.3566   -0.3607   -0.3627   -0.3689   -0.3331   -0.2678   -0.1955   -0.1873   -0.2257   -0.3275   -0.5092   -0.7668    -1.244     -2.39     -2.39     -2.39     -2.39
     -2.39     -2.39    -2.214    -2.089    -1.515    -1.147   -0.9507    -0.799   -0.7043   -0.5977   -0.5267    -0.515   -0.5121    -0.545   -0.5267   -0.4382   -0.3127   -0.2213   -0.1955   -0.2272   -0.3237   -0.5267   -0.7516    -1.244    -1.992     -2.39     -2.39     -2.39
     -2.39     -2.39     -2.39     -2.39    -1.788    -1.349      -1.1     -1.01   -0.8782    -0.788   -0.7668   -0.7516    -0.788    -0.846   -0.6419   -0.4897   -0.3294   -0.2257   -0.2025   -0.2347   -0.3237    -0.545   -0.7773    -1.276    -1.992    -2.214     -2.39     -2.39
     -2.39     -2.39     -2.39     -2.39    -1.737    -1.461     -1.39    -1.244    -1.173    -1.089    -1.019    -1.001   -0.9751   -0.8917   -0.6458   -0.4505   -0.3001   -0.2169   -0.1887   -0.2455   -0.3546   -0.5672    -0.846    -1.436    -1.788    -1.992     -2.39     -2.39
     -2.39     -2.39     -2.39    -2.214    -1.992    -1.737    -1.545    -1.412    -1.276    -1.173    -1.058    -1.058   -0.9429   -0.7134   -0.5208   -0.3689   -0.2502   -0.1887   -0.1942   -0.2662   -0.4078    -0.638   -0.9277    -1.436    -1.691    -1.846    -2.214     -2.39
     -2.39     -2.39     -2.39    -2.214    -2.089    -1.691    -1.515    -1.276    -1.078   -0.9587    -0.865   -0.7088   -0.6047   -0.4816   -0.3627   -0.2597   -0.1846   -0.1622   -0.2039   -0.2966   -0.4843   -0.7226    -1.038    -1.369    -1.612    -1.913    -2.214     -2.39
     -2.39     -2.39     -2.39    -2.214    -1.737    -1.436    -1.214   -0.9129   -0.6825   -0.5327   -0.4736   -0.3815   -0.2984   -0.2302   -0.1969    -0.152   -0.1433   -0.1596   -0.2362   -0.3408   -0.5607   -0.7617    -1.058    -1.229    -1.436    -1.992    -2.214     -2.39
     -2.39     -2.39     -2.39    -2.089    -1.612    -1.058    -0.772   -0.5357   -0.4055   -0.3294   -0.2613   -0.1969   -0.1458   -0.1079   -0.1034   -0.1056   -0.1324   -0.1713   -0.2533    -0.373   -0.5267    -0.718   -0.8849    -1.048    -1.229     -1.65    -1.992     -2.39
     -2.39     -2.39     -2.39    -1.691    -1.214   -0.7668   -0.5238   -0.3607   -0.2646   -0.2025   -0.1647    -0.109  -0.07936  -0.07199  -0.06991  -0.09339   -0.1264   -0.1819   -0.2565   -0.3487   -0.4816   -0.5907   -0.6825   -0.8398    -1.001    -1.329    -1.913     -2.39
     -2.39     -2.39     -2.39    -1.515   -0.9352   -0.5672   -0.3647   -0.2613   -0.2054   -0.1699   -0.1336   -0.1147   -0.0912  -0.07513  -0.08578   -0.1068   -0.1252   -0.1779   -0.2111   -0.2984    -0.373   -0.4358   -0.5297   -0.6699   -0.8103    -1.147    -1.788    -2.214
     -2.39     -2.39     -2.39    -1.293    -0.799   -0.4684   -0.2984   -0.2111   -0.1713   -0.1445   -0.1312   -0.1194  -0.09011  -0.08686   -0.1011   -0.1147   -0.1458   -0.1699    -0.214   -0.2439   -0.3055   -0.3857   -0.4431   -0.5575   -0.7566    -1.147    -1.846    -2.214
     -2.39     -2.39    -2.214    -1.244   -0.6954    -0.431   -0.2597   -0.1928   -0.1571   -0.1229   -0.1113  -0.08256  -0.08902  -0.09669   -0.1045   -0.1545   -0.1765   -0.2082   -0.2227   -0.2486   -0.2931    -0.337    -0.453   -0.5977   -0.7668    -1.229    -1.992     -2.39
     -2.39     -2.39    -2.214    -1.214   -0.7043   -0.4334   -0.2761     -0.19   -0.1276   -0.1045  -0.08578  -0.08042  -0.09559   -0.1312   -0.1873   -0.2332    -0.247   -0.2517   -0.2662   -0.2761   -0.3001   -0.3922    -0.498    -0.638    -0.865    -1.329    -2.089     -2.39
     -2.39     -2.39    -2.214    -1.329    -0.799   -0.5208   -0.3506   -0.2393   -0.1819   -0.1288   -0.1229   -0.1396   -0.1846   -0.2393   -0.3219   -0.3836   -0.4033   -0.3901   -0.3901    -0.373   -0.4146   -0.4843   -0.6419   -0.8103    -1.058    -1.515    -2.089     -2.39
     -2.39     -2.39     -2.39    -1.691    -1.123   -0.7226   -0.5297    -0.373   -0.3019   -0.2533   -0.2486   -0.2795   -0.3506   -0.4431   -0.5297   -0.5839   -0.6155   -0.5977   -0.5873   -0.6119   -0.6419   -0.7226   -0.8715    -1.111    -1.293    -1.691    -2.089     -2.39
     -2.39     -2.39     -2.39    -1.992    -1.515    -1.173   -0.9429    -0.799   -0.7273   -0.6782   -0.6699   -0.6999   -0.7668   -0.8782   -0.9751   -0.9751   -0.9668   -0.9668   -0.9507    -1.038    -1.078    -1.186    -1.329    -1.577    -1.913    -2.089    -2.214     -2.39
     -2.39     -2.39     -2.39    -2.214    -1.992    -1.913    -1.612    -1.515    -1.577    -1.612    -1.515    -1.545    -1.545    -1.577    -1.577    -1.577    -1.577     -1.65    -1.691    -1.612    -1.691    -1.788    -1.913    -1.992     -2.39     -2.39     -2.39     -2.39
     -2.39     -2.39     -2.39     -2.39     -2.39     -2.39     -2.39     -2.39     -2.39     -2.39     -2.39     -2.39     -2.39     -2.39     -2.39     -2.39     -2.39    -2.214    -2.214    -2.214    -2.214     -2.39     -2.39     -2.39     -2.39     -2.39     -2.39     -2.39
     -2.39     -2.39     -2.39     -2.39     -2.39     -2.39     -2.39     -2.39     -2.39     -2.39     -2.39     -2.39     -2.39     -2.39     -2.39     -2.39     -2.39     -2.39     -2.39     -2.39     -2.39     -2.39     -2.39     -2.39     -2.39     -2.39     -2.39     -2.39
     -2.39     -2.39     -2.39     -2.39     -2.39     -2.39     -2.39     -2.39     -2.39     -2.39     -2.39     -2.39     -2.39     -2.39     -2.39     -2.39     -2.39     -2.39     -2.39     -2.39     -2.39     -2.39     -2.39     -2.39     -2.39     -2.39     -2.39     -2.39

    -2.394    -2.394    -2.394    -2.394    -2.394    -2.394    -2.394    -2.394    -2.394    -2.394    -2.394    -2.394    -2.394    -2.394    -2.394    -2.394    -2.394    -2.394    -2.394    -2.394    -2.394    -2.394    -2.394    -2.394    -2.394    -2.394    -2.394    -2.394
    -2.394    -2.394    -2.394    -2.394    -2.394    -2.394    -2.394    -2.394    -2.394    -2.394    -2.394    -2.394    -2.394    -2.394    -2.394    -2.394    -2.394    -2.394    -2.394    -2.394    -2.394    -2.394    -2.394    -2.394    -2.394    -2.394    -2.394    -2.394
    -2.394    -2.394    -2.394    -2.394    -2.394    -2.394    -2.394    -2.394    -2.394    -2.394    -2.394    -2.394    -2.394    -2.394    -2.394    -2.394    -2.394    -2.394    -2.394    -2.394    -2.394    -2.394    -2.394    -2.394    -2.394    -2.394    -2.394    -2.394
    -2.394    -2.394    -2.394    -2.394    -2.394    -2.218    -2.218    -2.218    -2.093    -1.917     -1.85    -1.616    -1.519     -1.44     -1.44     -1.44    -1.465    -1.519    -1.741    -1.792    -2.093    -2.218    -2.394    -2.394    -2.394    -2.394    -2.394    -2.394
    -2.394    -2.394    -2.394    -2.218    -2.093    -1.741    -1.582    -1.233    -1.062   -0.8893   -0.6702   -0.5401   -0.4549   -0.4054   -0.3837   -0.3901   -0.4426   -0.5223   -0.6541    -0.809    -1.127     -1.44    -1.917    -2.093    -2.394    -2.394    -2.394    -2.394
    -2.394    -2.394    -2.394    -1.917    -1.549    -1.233    -1.042   -0.7924   -0.5917   -0.4236   -0.2855   -0.2027   -0.1527   -0.1191   -0.1044     -0.11   -0.1416    -0.214   -0.3063   -0.4213   -0.6273   -0.9102    -1.334     -1.85    -2.394    -2.394    -2.394    -2.394
    -2.394    -2.394    -2.394    -1.616    -1.315    -1.052    -0.727   -0.5494    -0.388   -0.2673   -0.1527   -0.1055  -0.07743    -0.055  -0.04517   -0.0442  -0.05006  -0.09999   -0.1863   -0.2822   -0.4307   -0.6743   -0.9631    -1.549    -2.394    -2.394    -2.394    -2.394
    -2.394    -2.218    -2.394    -1.582    -1.204   -0.9473   -0.6826   -0.5165   -0.3491   -0.2514   -0.1972   -0.1552   -0.1453   -0.1404    -0.118  -0.09451   -0.1022  -0.09779   -0.1344   -0.2069   -0.3452   -0.5917   -0.8961    -1.298    -2.394    -2.394    -2.394    -2.394
    -2.394    -2.394    -2.394    -1.519    -1.164   -0.9879    -0.751   -0.6127   -0.4702   -0.3859   -0.3472    -0.355    -0.361    -0.359   -0.3244   -0.2331   -0.1679   -0.1428   -0.1527   -0.2027   -0.3375   -0.5951   -0.9102    -1.315    -2.394    -2.394    -2.394    -2.394
    -2.394    -2.394    -2.218    -1.695    -1.394    -1.116   -0.8694   -0.7817   -0.6826    -0.631   -0.6056   -0.5986   -0.5432   -0.4887   -0.3945   -0.2673   -0.1679   -0.1203   -0.1416   -0.2331   -0.3837   -0.6463    -1.014    -1.491    -2.394    -2.394    -2.394    -2.394
    -2.394    -2.394    -2.218    -1.997    -1.741    -1.373    -1.164    -1.093   -0.9473   -0.8381    -0.751   -0.6743   -0.5432   -0.4077   -0.2805   -0.1704  -0.09779   -0.1044   -0.1653   -0.3063   -0.4914    -0.809    -1.151    -1.654    -2.394    -2.394    -2.394    -2.394
    -2.394    -2.394    -2.394    -2.218    -1.917    -1.695    -1.465    -1.298    -1.062   -0.8147   -0.6163   -0.4402    -0.301   -0.2027   -0.1168  -0.07639  -0.06201   -0.1134   -0.2301   -0.4122   -0.6386    -1.023    -1.519    -1.917    -2.394    -2.394    -2.394    -2.394
    -2.394    -2.394    -2.394    -2.394    -2.093    -1.917    -1.616    -1.315   -0.9321   -0.6424   -0.4236   -0.2499   -0.1416  -0.09234  -0.05104  -0.04517  -0.06812   -0.1428   -0.2839   -0.4968   -0.7764    -1.218    -1.616    -1.997    -2.394    -2.394    -2.394    -2.394
    -2.394    -2.394    -2.394    -2.218    -2.093    -1.997    -1.616    -1.104   -0.7764   -0.4968   -0.2839   -0.1502  -0.08803  -0.05203  -0.04615  -0.05302  -0.07848   -0.1168   -0.2609   -0.4475   -0.7461    -1.104    -1.654    -2.093    -2.394    -2.394    -2.394    -2.394
    -2.394    -2.394    -2.394    -2.394    -1.997     -1.85    -1.491    -1.116    -0.727   -0.4549   -0.2975    -0.173   -0.1261   -0.1033  -0.09999  -0.09126  -0.09779     -0.11   -0.1903   -0.3511   -0.5619   -0.9246    -1.264    -1.917    -2.218    -2.394    -2.394    -2.394
    -2.394    -2.394    -2.394    -2.218    -1.997    -1.741    -1.465    -1.139    -0.809   -0.5684   -0.4167   -0.3117   -0.2706    -0.253   -0.2376   -0.2126   -0.1465   -0.1226   -0.1416   -0.2271     -0.45   -0.7132    -1.151    -1.582    -2.218    -2.394    -2.218    -2.394
    -2.394    -2.394    -1.997    -1.741    -1.616    -1.315    -1.315    -1.151   -0.9795   -0.7979   -0.6541    -0.631   -0.5951   -0.5619   -0.4914   -0.3945   -0.2514   -0.1477   -0.1273    -0.189   -0.3651   -0.5986   -0.9795    -1.491    -2.218    -2.394    -2.394    -2.394
    -2.394    -2.394    -1.917    -1.417    -1.116    -1.005    -1.014    -1.014   -0.9712   -0.9795    -1.052    -1.023   -0.9879   -0.9321   -0.7364   -0.4728   -0.3081   -0.1917   -0.1332   -0.1704   -0.3395   -0.5815    -0.863    -1.334    -2.218    -2.394    -2.394    -2.394
    -2.394    -2.394    -1.917    -1.248   -0.8694    -0.751   -0.6702   -0.6702   -0.7764   -0.9551    -1.042    -1.104    -1.151   -0.9879   -0.7364    -0.478   -0.2889   -0.2055   -0.1527   -0.1796   -0.3472   -0.5619   -0.8204    -1.334    -2.218    -2.394    -2.394    -2.394
    -2.394    -2.394    -1.741    -1.093   -0.6784   -0.5463   -0.4475   -0.4524   -0.5432   -0.6912   -0.8034   -0.8961    -0.863   -0.7043   -0.5223   -0.3375   -0.2169   -0.1602   -0.1489   -0.2112   -0.3651   -0.5917    -0.863    -1.394    -2.218    -2.394    -2.394    -2.394
    -2.394    -2.394    -1.695   -0.9795   -0.6348   -0.4402   -0.3319   -0.2975   -0.3081   -0.3733   -0.4236   -0.4524   -0.4236   -0.3338   -0.2361   -0.1691   -0.1226   -0.1146   -0.1627   -0.2855   -0.4236   -0.6502   -0.9551     -1.44    -2.218    -2.394    -2.394    -2.394
    -2.394    -2.394    -1.695    -1.072   -0.6743   -0.4754   -0.2872   -0.2213   -0.1836   -0.1796    -0.173   -0.1836   -0.1679   -0.1392   -0.1033  -0.07743   -0.0891   -0.1308   -0.2422   -0.3753   -0.5401   -0.7817    -1.177    -1.695    -2.394    -2.394    -2.394    -2.394
    -2.394    -2.394    -1.792    -1.218   -0.8322   -0.5651    -0.357   -0.2452   -0.1627   -0.1191  -0.09018  -0.07017    -0.056  -0.05401    -0.056  -0.07848   -0.1392   -0.2376   -0.3859   -0.5432    -0.787    -1.062    -1.417    -1.997    -2.394    -2.394    -2.394    -2.394
    -2.394    -2.394    -2.093     -1.44    -1.023   -0.8034   -0.5341   -0.3712   -0.2452   -0.1514   -0.1134  -0.08803  -0.07953  -0.08589    -0.132   -0.2083    -0.301   -0.4549   -0.6502   -0.8381    -1.164    -1.549    -1.997    -2.218    -2.394    -2.394    -2.394    -2.394
    -2.394    -2.394    -2.394    -1.792    -1.417    -1.177   -0.9631   -0.7364   -0.6386   -0.5556    -0.486   -0.4378    -0.419   -0.4475   -0.5341   -0.6127    -0.787   -0.9795    -1.264    -1.549    -1.741    -1.917    -2.093    -2.218    -2.394    -2.394    -2.394    -2.394
    -2.394    -2.394    -2.394    -2.218    -1.997    -1.997    -1.654     -1.44    -1.353    -1.281    -1.315    -1.233    -1.248    -1.233    -1.373    -1.654    -1.792    -1.917     -1.85    -2.093    -2.093    -2.218    -2.218    -2.394    -2.394    -2.394    -2.394    -2.394
    -2.394    -2.394    -2.394    -2.394    -2.394    -2.394    -2.394    -2.394    -2.394    -2.394    -2.218    -2.218    -2.093    -2.093    -2.093    -2.093    -2.218    -2.218    -2.218    -2.218    -2.218    -2.218    -2.394    -2.394    -2.394    -2.394    -2.394    -2.394
    -2.394    -2.394    -2.394    -2.394    -2.394    -2.394    -2.394    -2.394    -2.394    -2.394    -2.394    -2.394    -2.394    -2.394    -2.394    -2.394    -2.394    -2.394    -2.394    -2.394    -2.394    -2.394    -2.394    -2.394    -2.394    -2.394    -2.394    -2.394

     -2.43     -2.43     -2.43     -2.43     -2.43     -2.43     -2.43     -2.43     -2.43     -2.43     -2.43     -2.43     -2.43     -2.43     -2.43     -2.43     -2.43     -2.43     -2.43     -2.43     -2.43     -2.43     -2.43     -2.43     -2.43     -2.43     -2.43     -2.43
     -2.43     -2.43     -2.43     -2.43     -2.43     -2.43     -2.43     -2.43     -2.43     -2.43     -2.43     -2.43     -2.43     -2.43     -2.43     -2.43     -2.43     -2.43     -2.43     -2.43     -2.43     -2.43     -2.43     -2.43     -2.43     -2.43     -2.43     -2.43
     -2.43     -2.43     -2.43     -2.43     -2.43     -2.43     -2.43     -2.43     -2.43     -2.43     -2.43     -2.43     -2.43     -2.43     -2.43    -2.254    -2.254    -2.254     -2.43     -2.43     -2.43     -2.43     -2.43     -2.43     -2.43     -2.43     -2.43     -2.43
     -2.43     -2.43     -2.43     -2.43     -2.43     -2.43     -2.43     -2.43     -2.43     -2.43     -2.43    -2.254    -2.254    -2.254    -2.254    -2.129    -2.129    -2.129    -2.129    -2.129    -1.886    -1.953    -2.032     -2.43     -2.43     -2.43     -2.43     -2.43
     -2.43     -2.43     -2.43     -2.43    -2.129    -2.032    -2.032    -1.777    -1.652    -1.617    -1.585    -1.585    -1.476    -1.527    -1.617      -1.5    -1.409    -1.226    -1.174    -1.097    -1.041    -1.226    -1.299    -1.617    -1.828     -2.43     -2.43     -2.43
     -2.43     -2.43     -2.43     -2.43    -2.032    -1.777     -1.43    -1.239    -1.129   -0.9826   -0.8919   -0.8795   -0.8616   -0.9179    -1.041    -1.068   -0.8616    -0.767   -0.6516   -0.6102   -0.6004   -0.7055   -0.7577   -0.9246    -1.129    -1.953     -2.43     -2.43
     -2.43     -2.43     -2.43    -2.129    -1.777     -1.43    -1.212    -1.023   -0.8223   -0.6855   -0.6135   -0.5694   -0.5605   -0.6589   -0.8065   -0.8332   -0.7055   -0.5635   -0.4497   -0.3963   -0.4086   -0.4927   -0.5941   -0.7814    -1.023    -1.585    -2.254     -2.43
     -2.43     -2.43     -2.43    -2.032    -1.555    -1.333    -1.041     -0.85   -0.6444   -0.4902   -0.4148   -0.3983   -0.4169   -0.5213   -0.6701   -0.7179   -0.5909   -0.4497   -0.3416    -0.293    -0.347    -0.419   -0.5664   -0.8277    -1.078    -1.555    -2.032     -2.43
     -2.43     -2.43     -2.43    -1.953    -1.527    -1.212   -0.9674   -0.7179   -0.5461   -0.3943   -0.3108   -0.3043   -0.3363   -0.4731   -0.6516   -0.6855   -0.5405   -0.3767    -0.261   -0.2408   -0.2946   -0.4024   -0.6236   -0.8332    -1.226    -1.777    -2.129     -2.43
     -2.43     -2.43     -2.43    -1.886    -1.452    -1.151   -0.8919   -0.6339   -0.4475   -0.3043   -0.2493   -0.2522   -0.3141   -0.4927   -0.6816   -0.6974   -0.4953   -0.2899   -0.2057   -0.1917   -0.2759   -0.4566   -0.6816   -0.9674    -1.527    -1.777    -2.254     -2.43
     -2.43     -2.43     -2.43    -1.886    -1.476    -1.097   -0.7913   -0.5518   -0.3434   -0.2256   -0.1769   -0.2256   -0.3579   -0.5878   -0.8734   -0.7096   -0.4233   -0.2256    -0.151   -0.1673   -0.2946   -0.5267   -0.7963    -1.199    -1.777    -2.129     -2.43     -2.43
     -2.43     -2.43    -2.254    -1.777    -1.351    -1.041   -0.7179   -0.4024   -0.2493   -0.1442   -0.1487   -0.2639   -0.4212   -0.7396   -0.9314    -0.648   -0.3208   -0.1591   -0.1065   -0.1721   -0.3277   -0.6168   -0.9246    -1.369    -1.828     -2.43     -2.43     -2.43
     -2.43    -2.254    -2.254    -1.828    -1.316   -0.9179   -0.5909   -0.3141   -0.1793   -0.1034   -0.1533   -0.2994   -0.5186   -0.7765   -0.7531   -0.5213   -0.2189   -0.1044  -0.08438   -0.1806   -0.3672   -0.6894    -1.007    -1.388    -1.731    -2.254     -2.43     -2.43
     -2.43    -2.254    -2.254    -1.886    -1.299   -0.8387   -0.4543    -0.238   -0.1169  -0.06992    -0.142   -0.2684    -0.466   -0.5107   -0.4755   -0.2994   -0.1201  -0.05868  -0.07087   -0.1793   -0.3616   -0.6339   -0.9047    -1.199    -1.555    -2.254     -2.43     -2.43
     -2.43    -2.254    -2.254    -1.731    -1.226   -0.6894   -0.3597   -0.1905  -0.09429  -0.06054  -0.08242   -0.1521   -0.2243   -0.2465   -0.2422   -0.1397  -0.04864  -0.03268  -0.07087    -0.183    -0.347   -0.5816   -0.7717    -1.118    -1.452    -2.254     -2.43     -2.43
     -2.43     -2.43    -2.254    -1.731    -1.239   -0.6516   -0.3363   -0.1733   -0.1014  -0.06992  -0.06147  -0.06992  -0.08634   -0.0953  -0.08145  -0.05868  -0.02663  -0.02749  -0.08634   -0.1968   -0.3963   -0.6004    -0.817    -1.174    -1.585    -2.254    -2.254     -2.43
     -2.43     -2.43     -2.43    -1.828    -1.239   -0.6739   -0.3748   -0.2325   -0.1499   -0.1106  -0.09229  -0.08634  -0.09731  -0.08931  -0.07373  -0.04864  -0.02406  -0.04415   -0.1201   -0.2654   -0.4853   -0.6974   -0.9826    -1.284    -1.617    -2.254    -2.254     -2.43
     -2.43     -2.43     -2.43    -2.254    -1.555   -0.8223   -0.5547   -0.3923   -0.3059   -0.2669   -0.2566   -0.2352   -0.2366   -0.1905   -0.1397  -0.08931  -0.06333   -0.1055   -0.2229   -0.4106   -0.6202   -0.8557    -1.212    -1.555    -1.731    -2.129    -2.254     -2.43
     -2.43     -2.43     -2.43     -2.43    -1.828    -1.129   -0.8616   -0.6816   -0.6135   -0.5724   -0.5461   -0.5133   -0.4254   -0.3075    -0.211   -0.1353   -0.1397   -0.2006   -0.3983   -0.5664   -0.8065     -1.05    -1.388    -1.828    -2.254     -2.43    -2.254     -2.43
     -2.43     -2.43     -2.43     -2.43    -2.254    -1.527    -1.187     -1.14    -1.108    -1.041   -0.9674   -0.7963   -0.5294   -0.3748   -0.2566   -0.2019    -0.207   -0.2914   -0.4731   -0.6444   -0.8983     -1.14    -1.476    -1.953    -2.254     -2.43     -2.43     -2.43
     -2.43     -2.43     -2.43     -2.43    -2.254    -1.886    -1.617    -1.527    -1.388    -1.284    -1.068   -0.7351   -0.5377   -0.3672   -0.2836   -0.2669   -0.2669   -0.3672   -0.5213   -0.6739   -0.9047     -1.14     -1.43    -1.886    -2.254     -2.43     -2.43     -2.43
     -2.43     -2.43     -2.43     -2.43     -2.43     -2.43    -2.129    -1.886    -1.585    -1.351   -0.9599   -0.6855   -0.4953   -0.3786   -0.3363   -0.3328   -0.3242   -0.4363   -0.5635   -0.6626   -0.8857    -1.108    -1.388    -1.731    -2.129    -2.254     -2.43     -2.43
     -2.43     -2.43     -2.43     -2.43     -2.43    -2.254    -2.254    -1.731    -1.555    -1.163   -0.8223   -0.6304   -0.4731   -0.4004   -0.3825   -0.3825   -0.3923    -0.452   -0.5724   -0.6626   -0.8983    -1.118    -1.369    -1.689    -2.032    -2.254     -2.43     -2.43
     -2.43     -2.43     -2.43     -2.43     -2.43    -2.254    -1.953    -1.777    -1.388    -1.015   -0.7963   -0.6202   -0.5055   -0.4341   -0.4452   -0.4319   -0.4613   -0.4877   -0.5941   -0.7265   -0.8983     -1.14    -1.452    -1.731    -2.032     -2.43     -2.43     -2.43
     -2.43     -2.43     -2.43     -2.43     -2.43     -2.43    -2.032    -1.886    -1.476    -1.068   -0.8857    -0.744   -0.6663   -0.6339   -0.5972   -0.6168   -0.6374   -0.6701   -0.7765   -0.9246    -1.129     -1.43    -1.652    -1.828    -2.129     -2.43     -2.43     -2.43
     -2.43     -2.43     -2.43     -2.43     -2.43     -2.43     -2.43    -2.129    -1.886    -1.476     -1.43    -1.452    -1.388    -1.212    -1.068    -1.059     -1.14    -1.316    -1.527    -1.617    -1.689    -1.953    -2.129    -2.129    -2.254     -2.43     -2.43     -2.43
     -2.43     -2.43     -2.43     -2.43     -2.43     -2.43     -2.43     -2.43    -2.254    -2.254     -2.43     -2.43     -2.43    -2.254     -2.43    -2.254    -2.129    -2.129    -2.129    -2.254     -2.43     -2.43     -2.43     -2.43     -2.43     -2.43     -2.43     -2.43
     -2.43     -2.43     -2.43     -2.43     -2.43     -2.43     -2.43     -2.43     -2.43     -2.43     -2.43     -2.43     -2.43     -2.43     -2.43     -2.43     -2.43     -2.43     -2.43     -2.43     -2.43     -2.43     -2.43     -2.43     -2.43     -2.43     -2.43     -2.43

    -2.339    -2.339    -2.339    -2.339    -2.339    -2.339    -2.339    -2.339    -2.339    -2.339    -2.339    -2.339    -2.339    -2.339    -2.339    -2.339    -2.339    -2.339    -2.339    -2.339    -2.339    -2.339    -2.339    -2.339    -2.339    -2.339    -2.339    -2.339
    -2.339    -2.339    -2.339    -2.339    -2.339    -2.339    -2.339    -2.339    -2.339    -2.339    -2.339    -2.339    -2.339    -2.339    -2.339    -2.339    -2.339    -2.339    -2.339    -2.339    -2.339    -2.339    -2.339    -2.339    -2.339    -2.339    -2.339    -2.339
    -2.339    -2.339    -2.339    -2.339    -2.339    -2.339    -2.339    -2.339    -2.339    -2.339    -2.339    -2.339    -2.339    -2.339    -2.339    -2.339    -2.339    -2.339    -2.339    -2.339    -2.339    -2.339    -2.339    -2.339    -2.339    -2.339    -2.339    -2.339
    -2.339    -2.339    -2.339    -2.339    -2.339    -2.339    -2.339    -2.339    -2.339    -2.339    -2.339    -2.038    -1.862    -1.737     -1.64    -1.561    -1.599    -1.737    -1.862    -1.737    -1.737    -1.686    -1.686    -1.795    -1.942    -2.339    -2.339    -2.339
    -2.339    -2.339    -2.339    -2.339    -2.339    -2.339    -2.339    -2.163    -1.737    -1.494    -1.318    -1.109    -1.038   -0.8923   -0.8411   -0.7597    -0.732    -0.706   -0.7111   -0.7374   -0.7597   -0.7954   -0.8923   -0.9684    -1.243    -1.862    -2.339    -2.339
    -2.339    -2.339    -2.339    -2.339    -2.339    -2.339    -1.862    -1.385    -1.163   -0.9873   -0.8209   -0.6537   -0.5401   -0.4615   -0.4024   -0.3663    -0.346   -0.3373   -0.3504   -0.3549   -0.3999   -0.4673   -0.5541   -0.6674   -0.8343    -1.298    -1.942    -2.339
    -2.339    -2.339    -2.339    -2.339    -2.339    -2.038    -1.494    -1.209   -0.9162   -0.7374   -0.5613   -0.4256   -0.3686   -0.2864   -0.2443   -0.2222    -0.214   -0.2255   -0.2272   -0.2374   -0.2621   -0.3224   -0.4178   -0.4702   -0.5836   -0.8771    -1.599    -2.163
    -2.339    -2.339    -2.339    -2.339    -2.339    -1.737    -1.385    -1.061   -0.7831   -0.5874   -0.4364   -0.3245   -0.2339   -0.1856   -0.1721   -0.1562   -0.1634   -0.1781   -0.2091   -0.2205   -0.2408   -0.2825   -0.3527   -0.3876   -0.4882    -0.701    -1.339    -2.163
    -2.339    -2.339    -2.339    -2.339    -2.163     -1.64    -1.339   -0.9329   -0.6537   -0.4944    -0.364   -0.2255   -0.1781   -0.1519   -0.1548   -0.1634   -0.1964   -0.2189   -0.2374   -0.2731      -0.3   -0.3416   -0.3876   -0.4615   -0.5506   -0.7484    -1.318    -2.038
    -2.339    -2.339    -2.339    -2.339    -1.942     -1.64     -1.26   -0.8343   -0.5836   -0.3999   -0.2694   -0.1872   -0.1648   -0.1634   -0.2123   -0.2864   -0.3373   -0.3594   -0.3901   -0.4256   -0.5006   -0.5723   -0.6234   -0.6628    -0.754   -0.9684    -1.599    -2.163
    -2.339    -2.339    -2.339    -2.339    -1.942    -1.686    -1.178   -0.7654   -0.4851    -0.308   -0.1751   -0.1394   -0.1273   -0.1677   -0.2531   -0.3438    -0.453   -0.5199   -0.5836    -0.706   -0.7712   -0.9001    -1.049    -1.149    -1.178     -1.41    -2.038    -2.339
    -2.339    -2.339    -2.339    -2.339    -1.795     -1.64    -1.028    -0.672   -0.4024   -0.2305   -0.1299  -0.09641   -0.1246   -0.1964    -0.275   -0.3757   -0.4558   -0.5913   -0.7429   -0.9245    -1.149    -1.385    -1.599    -1.686    -1.686    -1.862    -2.163    -2.339
    -2.339    -2.339    -2.339    -2.339    -1.862    -1.561   -0.9245   -0.5952    -0.333   -0.1707   -0.1065  -0.08781    -0.118   -0.1902   -0.2657   -0.3416   -0.4126   -0.5069   -0.6152   -0.8144    -1.017    -1.279    -1.686    -1.686    -2.163    -2.163    -2.339    -2.339
    -2.339    -2.339    -2.339    -2.339    -1.862    -1.436   -0.9329   -0.5723   -0.3141    -0.159   -0.1014  -0.07582    -0.118   -0.1505   -0.2107   -0.2495   -0.3101   -0.3617   -0.4644   -0.6111   -0.7892    -1.096    -1.464    -1.942    -2.038    -2.339    -2.339    -2.339
    -2.339    -2.339    -2.339    -2.339    -1.942    -1.436   -0.9415   -0.5798   -0.3549   -0.2043   -0.1491   -0.1299   -0.1436   -0.1707   -0.1964   -0.2305   -0.2425   -0.2864   -0.3482   -0.4761   -0.6362   -0.8771    -1.298     -1.64    -1.942    -2.339    -2.339    -2.339
    -2.339    -2.339    -2.339    -2.038    -1.795    -1.362    -1.007   -0.7654   -0.4944   -0.3617   -0.2883   -0.2694   -0.2657   -0.2825   -0.2825   -0.2788   -0.2731   -0.2657   -0.3183   -0.3757   -0.5401   -0.7831    -1.096    -1.494    -1.942    -2.163    -2.339    -2.339
    -2.339    -2.339    -2.339    -2.038    -1.494     -1.26    -1.038   -0.8623   -0.7214    -0.576   -0.5069   -0.4821   -0.4821   -0.4391    -0.395    -0.346      -0.3   -0.2567   -0.2825   -0.3549   -0.4882   -0.6814    -1.007    -1.362    -1.862    -2.163    -2.339    -2.339
    -2.339    -2.339    -2.339    -2.038    -1.464    -1.028   -0.7654   -0.7597   -0.7892   -0.8343   -0.7772   -0.7772   -0.7162   -0.5952   -0.4882    -0.371   -0.2961   -0.2657   -0.2657   -0.3373   -0.4501   -0.6448   -0.9081    -1.226    -1.942    -2.163    -2.339    -2.339
    -2.339    -2.339    -2.163    -2.163    -1.339   -0.7954   -0.5471   -0.5101   -0.6405    -0.754   -0.8623   -0.8846    -0.808   -0.6111   -0.4644   -0.3594   -0.2621    -0.246    -0.246   -0.3416   -0.4586   -0.6493   -0.9001    -1.193    -1.942    -2.163    -2.339    -2.339
    -2.339    -2.339    -2.038    -1.942    -1.279    -0.706   -0.4075   -0.3287    -0.378   -0.4501   -0.5367   -0.5613   -0.5166    -0.431   -0.3416   -0.2806   -0.2391   -0.2205   -0.2374   -0.3438   -0.5038   -0.6767   -0.9415     -1.26    -1.862    -2.163    -2.339    -2.339
    -2.339    -2.339    -2.038    -1.942    -1.362    -0.701   -0.3572   -0.2531   -0.2356   -0.2639   -0.2825   -0.3121   -0.2961   -0.2567   -0.2391   -0.2043   -0.2043   -0.2172   -0.2694   -0.3974   -0.5577   -0.7712    -1.149    -1.318    -1.737    -2.339    -2.339    -2.339
    -2.339    -2.339    -2.339    -2.163    -1.436   -0.7772   -0.4256   -0.2513   -0.1964   -0.1576   -0.1533   -0.1533    -0.159   -0.1605   -0.1648   -0.1648   -0.1887   -0.2238   -0.3438   -0.4791   -0.6493   -0.9245    -1.243    -1.464    -1.862    -2.339    -2.339    -2.339
    -2.339    -2.339    -2.339    -2.339    -1.737    -1.061   -0.5874   -0.3852   -0.2621   -0.1721   -0.1273   -0.1259    -0.134    -0.134   -0.1463   -0.1841   -0.2255   -0.3287   -0.4446   -0.6582   -0.8923    -1.163     -1.41     -1.64    -2.038    -2.339    -2.339    -2.339
    -2.339    -2.339    -2.339    -2.339    -1.942    -1.527   -0.8696   -0.6193    -0.453   -0.3121   -0.2356   -0.1996   -0.1949   -0.2107   -0.2322   -0.2825   -0.3901   -0.5101   -0.7214   -0.9162    -1.193     -1.41     -1.64    -1.942    -2.163    -2.339    -2.339    -2.339
    -2.339    -2.339    -2.339    -2.339    -2.038    -1.942    -1.385    -1.109   -0.8623    -0.696   -0.5913   -0.5265   -0.4944   -0.5006   -0.5367   -0.6405   -0.7831   -0.9245    -1.149     -1.41    -1.464    -1.686    -1.862    -2.163    -2.339    -2.339    -2.339    -2.339
    -2.339    -2.339    -2.339    -2.339    -2.339    -2.163    -1.942    -1.599    -1.464    -1.243    -1.193    -1.178    -1.193    -1.243    -1.279    -1.494    -1.561    -1.686    -1.862    -2.163    -2.339    -2.339    -2.339    -2.339    -2.339    -2.339    -2.339    -2.339
    -2.339    -2.339    -2.339    -2.339    -2.339    -2.339    -2.163    -2.163    -2.038    -2.038    -1.942    -1.942    -1.862    -1.942    -2.163    -2.163    -2.163    -2.163    -2.163    -2.339    -2.339    -2.339    -2.339    -2.339    -2.339    -2.339    -2.339    -2.339
    -2.339    -2.339    -2.339    -2.339    -2.339    -2.339    -2.339    -2.339    -2.339    -2.339    -2.339    -2.339    -2.339    -2.339    -2.339    -2.339    -2.339    -2.339    -2.339    -2.339    -2.339    -2.339    -2.339    -2.339    -2.339    -2.339    -2.339    -2.339

    -2.401    -2.401    -2.401    -2.401    -2.401    -2.401    -2.401    -2.401    -2.401    -2.401    -2.401    -2.401    -2.401    -2.401    -2.401    -2.401    -2.401    -2.401    -2.401    -2.401    -2.401    -2.401    -2.401    -2.401    -2.401    -2.401    -2.401    -2.401
    -2.401    -2.401    -2.401    -2.401    -2.401    -2.401    -2.401    -2.225      -2.1      -2.1    -1.924    -2.003    -1.924    -1.924    -1.857    -1.748    -1.857    -1.924    -2.003    -2.003    -2.003      -2.1    -2.225    -2.401    -2.401    -2.401    -2.401    -2.401
    -2.401    -2.401    -2.401    -2.401    -2.225    -2.401    -2.225    -2.003    -1.924    -1.748    -1.447    -1.341    -1.225     -0.97   -0.8159   -0.6771   -0.5689   -0.5657   -0.6532   -0.8159    -1.059     -1.38    -1.748    -2.225    -2.401    -2.401    -2.401    -2.401
    -2.401    -2.401    -2.401    -2.401    -2.401    -2.225    -2.003    -2.003    -1.799    -1.447     -1.24     -1.03   -0.8573   -0.6532    -0.452   -0.3204   -0.2584   -0.2506   -0.3407   -0.4849   -0.7386    -1.111    -1.447    -1.857    -2.225    -2.401    -2.401    -2.401
    -2.401    -2.401    -2.401    -2.401    -2.401    -2.003    -2.003    -1.857    -1.588    -1.255    -1.003   -0.8048    -0.661   -0.4594   -0.2942   -0.2167    -0.171   -0.1973   -0.3115   -0.4929   -0.7247    -1.059    -1.472    -1.661      -2.1    -2.401    -2.401    -2.401
    -2.401    -2.401    -2.401    -2.401    -2.401    -2.003    -1.924    -1.748    -1.472    -1.049   -0.8764    -0.661   -0.4669   -0.3168   -0.2125   -0.1621   -0.1748   -0.2584   -0.4102   -0.5952   -0.8512    -1.287    -1.526    -1.702      -2.1    -2.225    -2.225    -2.401
    -2.401    -2.401    -2.225    -2.401    -2.401    -2.225    -1.799    -1.556    -1.211   -0.9542   -0.7202   -0.5093   -0.3407   -0.2181   -0.1534   -0.1634    -0.237   -0.4014   -0.5852   -0.8573    -1.225    -1.472    -1.748    -1.924      -2.1    -2.225    -2.225    -2.225
    -2.401    -2.401    -2.401    -2.401    -2.401      -2.1    -1.799    -1.447    -1.111   -0.7834   -0.5786   -0.3928   -0.2445   -0.1621   -0.1534   -0.2297    -0.366   -0.5721   -0.8451    -1.184    -1.526    -1.748    -1.799    -2.003      -2.1    -2.225    -2.225    -2.225
    -2.401    -2.401    -2.401    -2.401    -2.401    -1.924    -1.702    -1.304   -0.9316   -0.6455   -0.4545   -0.2711   -0.1787   -0.1437   -0.1946    -0.324   -0.5292   -0.7834    -1.211    -1.424    -1.661    -1.748    -1.748    -1.857    -2.225    -2.401    -2.225    -2.401
    -2.401    -2.401    -2.401    -2.401    -2.401    -1.857    -1.447      -1.1   -0.7679   -0.5322   -0.3407   -0.1905    -0.151   -0.1584   -0.2825   -0.4594   -0.7339    -1.171    -1.401    -1.472    -1.424    -1.498    -1.661    -1.799    -2.225    -2.401    -2.401    -2.401
    -2.401    -2.401    -2.401    -2.401    -2.401    -1.924     -1.24   -0.9864   -0.6455   -0.4058     -0.24   -0.1425   -0.1413   -0.2111   -0.3781   -0.6417   -0.9316    -1.123    -1.069   -0.9864   -0.9949    -1.134    -1.271    -1.498    -1.857    -2.225    -2.401    -2.401
    -2.401    -2.401    -2.401    -2.401    -2.401    -1.588    -1.197   -0.8636   -0.5563   -0.3295   -0.1735   -0.1307   -0.1621   -0.2743   -0.4956   -0.7339   -0.7782   -0.6342   -0.5657   -0.5594   -0.6305   -0.7482   -0.9949    -1.171     -1.38      -2.1    -2.401    -2.401
    -2.401    -2.401    -2.401    -2.401    -2.225    -1.526    -1.059   -0.7434   -0.4545    -0.237   -0.1296   -0.1181   -0.1946   -0.3445   -0.4797   -0.4902   -0.3781   -0.3186   -0.3028   -0.3259   -0.3928   -0.5263   -0.7112     -0.97    -1.211    -1.661    -2.401    -2.401
    -2.401    -2.401    -2.401    -2.401      -2.1    -1.472   -0.9466    -0.665   -0.3407   -0.1813   -0.1125   -0.1226   -0.2282   -0.3314   -0.3407   -0.2537   -0.1852   -0.1671   -0.1839   -0.2196   -0.2679    -0.368   -0.5952   -0.8048    -1.069    -1.498    -2.401    -2.401
    -2.401    -2.401    -2.401    -2.401      -2.1     -1.36   -0.8573   -0.5441   -0.2759   -0.1389   -0.1015   -0.1449   -0.2461   -0.2537     -0.18   -0.1103  -0.08543   -0.1103   -0.1547   -0.1932   -0.2268   -0.3115    -0.501   -0.7579     -1.09    -1.526    -2.401    -2.401
    -2.401    -2.401    -2.401    -2.401    -2.225     -1.38   -0.7993   -0.4694   -0.2253   -0.1181   -0.1015   -0.1584   -0.2153   -0.1826   -0.1342  -0.09929   -0.1215   -0.1498   -0.1697   -0.1839   -0.2083   -0.2727   -0.4745   -0.7024    -1.059    -1.588    -2.401    -2.401
    -2.401    -2.401    -2.401    -2.401    -2.225    -1.287   -0.7939   -0.4545   -0.1986   -0.1004  -0.08543   -0.1413   -0.1826   -0.1449   -0.1261   -0.1485   -0.1973   -0.2153   -0.1973   -0.1559   -0.1761   -0.2841   -0.4876   -0.7679    -1.079    -1.556    -2.401    -2.401
    -2.401    -2.401    -2.401    -2.401    -2.225     -1.36   -0.7993   -0.4306   -0.1986  -0.09498  -0.06896   -0.1147   -0.1389   -0.1461   -0.1722     -0.24   -0.2461   -0.2196   -0.1485   -0.1192   -0.1774   -0.2959   -0.5563   -0.8895    -1.158    -1.661    -2.225    -2.401
    -2.401    -2.401    -2.401    -2.401    -2.225    -1.588   -0.8963   -0.4669   -0.2297  -0.09071   -0.0531  -0.06795  -0.08334   -0.1342   -0.1787   -0.1932   -0.1634    -0.117  -0.09605   -0.1204   -0.2125   -0.4329   -0.6812    -1.003    -1.287    -1.857    -2.225    -2.401
    -2.401    -2.401    -2.401    -2.401    -2.225    -1.799    -1.059   -0.5819    -0.301   -0.1342  -0.05505  -0.03311  -0.05407  -0.07918  -0.08438  -0.09498  -0.06896  -0.06494  -0.08859   -0.1735     -0.36   -0.5689   -0.9542    -1.184    -1.623    -2.225    -2.401    -2.401
    -2.401    -2.401    -2.401    -2.401    -2.225    -1.857    -1.271   -0.7782   -0.4569    -0.237   -0.1015  -0.04251  -0.02574  -0.02757  -0.03126  -0.04157  -0.05799  -0.09177   -0.1852   -0.3483   -0.5657   -0.8963    -1.211    -1.556    -2.003    -2.225    -2.401    -2.401
    -2.401    -2.401    -2.401    -2.401    -2.401      -2.1    -1.661     -1.09   -0.7579   -0.4569   -0.2491   -0.1261  -0.06695  -0.05898  -0.06096   -0.0939   -0.1425   -0.2568    -0.426    -0.669   -0.9316    -1.322    -1.623      -2.1    -2.401    -2.401    -2.401    -2.401
    -2.401    -2.401    -2.401    -2.401    -2.401    -2.401      -2.1    -1.498    -1.322   -0.9864   -0.7068   -0.5501    -0.452    -0.408    -0.426   -0.4745   -0.5657   -0.7293    -0.939    -1.197    -1.623    -1.924    -2.225    -2.401    -2.401    -2.401    -2.401    -2.401
    -2.401    -2.401    -2.401    -2.401    -2.401    -2.401    -2.401      -2.1    -1.924    -1.857    -1.702    -1.588    -1.424     -1.36     -1.36    -1.401    -1.498    -1.702    -1.857    -1.924      -2.1    -2.401    -2.401    -2.401    -2.401    -2.401    -2.401    -2.401
    -2.401    -2.401    -2.401    -2.401    -2.401    -2.401    -2.401    -2.401    -2.401    -2.401    -2.401    -2.401    -2.401    -2.401    -2.401    -2.401    -2.401    -2.401    -2.401    -2.401    -2.401    -2.401    -2.401    -2.401    -2.401    -2.401    -2.401    -2.401
    -2.401    -2.401    -2.401    -2.401    -2.401    -2.401    -2.401    -2.401    -2.401    -2.401    -2.401    -2.401    -2.401    -2.401    -2.401    -2.401    -2.401    -2.401    -2.401    -2.401    -2.401    -2.401    -2.401    -2.401    -2.401    -2.401    -2.401    -2.401
    -2.401    -2.401    -2.401    -2.401    -2.401    -2.401    -2.401    -2.401    -2.401    -2.401    -2.401    -2.401    -2.401    -2.401    -2.401    -2.401    -2.401    -2.401    -2.401    -2.401    -2.401    -2.401    -2.401    -2.401    -2.401    -2.401    -2.401    -2.401
    -2.401    -2.401    -2.401    -2.401    -2.401    -2.401    -2.401    -2.401    -2.401    -2.401    -2.401    -2.401    -2.401    -2.401    -2.401    -2.401    -2.401    -2.401    -2.401    -2.401    -2.401    -2.401    -2.401    -2.401    -2.401    -2.401    -2.401    -2.401

    -2.442    -2.442    -2.442    -2.442    -2.442    -2.442    -2.442    -2.442    -2.442    -2.442    -2.442    -2.442    -2.442    -2.442    -2.442    -2.442    -2.442    -2.442    -2.442    -2.442    -2.442    -2.442    -2.442    -2.442    -2.442    -2.442    -2.442    -2.442
    -2.442    -2.442    -2.442    -2.442    -2.442    -2.442    -2.442    -2.442    -2.442    -2.442    -2.442    -2.442    -2.442    -2.442    -2.442    -2.442    -2.442    -2.442    -2.442    -2.442    -2.442    -2.442    -2.442    -2.442    -2.442    -2.442    -2.442    -2.442
    -2.442    -2.442    -2.442    -2.442    -2.442    -2.442    -2.442    -2.442    -2.442    -2.442    -2.442    -2.442    -2.442    -2.442    -2.442    -2.442    -2.442    -2.442    -2.442    -2.442    -2.442    -2.442    -2.442    -2.442    -2.442    -2.442    -2.442    -2.442
    -2.442    -2.442    -2.442    -2.442    -2.442    -2.442    -2.442    -2.442    -2.442    -2.442    -2.442    -2.442    -2.442    -2.442    -2.442    -2.442    -2.442    -2.442    -2.442    -2.442    -2.442    -2.442    -2.442    -2.442    -2.442    -2.442    -2.442    -2.442
    -2.442    -2.442    -2.442    -2.442    -2.442    -2.442    -2.442    -2.442    -2.442    -2.442    -2.442    -2.266    -2.266    -2.266    -2.266    -2.266    -2.442    -2.442    -2.442    -2.442    -2.442    -2.442    -2.442    -2.442    -2.442    -2.442    -2.442    -2.442
    -2.442    -2.442    -2.442    -2.442    -2.442    -2.266    -2.266    -1.965    -1.898     -1.84    -1.743    -1.743    -1.701    -1.743    -1.701    -1.743    -1.788    -2.044    -2.266    -2.442    -2.442    -2.266    -2.266    -2.442    -2.442    -2.442    -2.442    -2.442
    -2.442    -2.442    -2.442    -2.442    -1.965    -1.629    -1.381    -1.211    -1.119    -1.053   -0.9102   -0.8976   -0.8289   -0.7789    -0.765   -0.7742   -0.7933   -0.8562   -0.9232    -1.119    -1.328    -1.512    -1.597    -1.898    -2.442    -2.442    -2.442    -2.442
    -2.266    -2.266    -2.141    -1.701     -1.28    -1.035   -0.7696   -0.6493   -0.5148   -0.3867   -0.3362   -0.2818   -0.2486   -0.2255     -0.21   -0.2112   -0.2024   -0.2216   -0.2584   -0.3413   -0.5022   -0.7133    -1.035    -1.487    -2.044    -2.442    -2.442    -2.442
    -2.266    -2.141    -1.701     -1.28   -0.9232   -0.6783   -0.4948   -0.3448   -0.2403   -0.1792   -0.1247  -0.09829  -0.08091  -0.07714  -0.07155  -0.06148  -0.06786  -0.08091  -0.09437   -0.1607   -0.2971   -0.4527   -0.7696    -1.175    -1.898    -2.442    -2.442    -2.442
    -2.266    -1.898    -1.512    -1.152   -0.8032   -0.5496   -0.4043   -0.2528   -0.1618   -0.1042  -0.07527  -0.06239  -0.06058  -0.06239  -0.06786  -0.05698  -0.03857  -0.03943  -0.05878   -0.1154    -0.219   -0.3925   -0.6935    -1.099     -1.84    -2.442    -2.442    -2.442
    -2.442    -1.965    -1.512    -1.109    -0.756   -0.5524   -0.4043   -0.2671   -0.1864    -0.145   -0.1278   -0.1472   -0.1816   -0.2036   -0.2203   -0.1901    -0.131   -0.0697  -0.06058   -0.1093    -0.219   -0.4083   -0.7515    -1.199     -1.84    -2.442    -2.442    -2.442
    -2.442    -2.044    -1.629    -1.152   -0.8451   -0.7013   -0.5123   -0.3571   -0.2894   -0.2656   -0.3066    -0.368   -0.4352   -0.4875   -0.5226   -0.3754   -0.2087   -0.1093   -0.0697   -0.1215    -0.243   -0.4686   -0.8184    -1.266    -1.965    -2.442    -2.442    -2.442
    -2.442    -2.266    -1.701    -1.266   -0.9869   -0.8236   -0.6092   -0.5022   -0.4374   -0.4352   -0.4923   -0.6156   -0.7471   -0.8082   -0.7257   -0.4732   -0.2362   -0.1013  -0.07808   -0.1629   -0.2956   -0.5609   -0.9434      -1.4    -2.141    -2.442    -2.442    -2.442
    -2.442    -2.266    -2.044    -1.464    -1.175     -1.01   -0.7982   -0.6672   -0.6255   -0.6156   -0.7133   -0.8735    -1.018    -1.061   -0.7742   -0.4083   -0.1781  -0.08567  -0.09048   -0.1888   -0.3983    -0.682    -1.071    -1.629    -2.141    -2.266    -2.442    -2.442
    -2.442    -2.442    -2.266    -1.788    -1.311     -1.13   -0.9365   -0.8032    -0.765   -0.8342   -0.9646    -1.071    -1.099   -0.9869   -0.6389   -0.2848   -0.1195  -0.08186   -0.1032   -0.2584   -0.5148   -0.7933     -1.13    -1.487    -1.898    -2.044    -2.442    -2.442
    -2.442    -2.442    -2.442    -2.044    -1.421    -1.224    -1.099   -0.9298   -0.9503   -0.9719   -0.9945     -1.01   -0.9574   -0.7605   -0.3905   -0.1792  -0.07997  -0.06695   -0.1461   -0.3518   -0.5666   -0.8854     -1.13    -1.442     -1.84    -2.044    -2.442    -2.442
    -2.442    -2.442    -2.442    -2.141    -1.597    -1.311    -1.175     -1.08   -0.9945   -0.9945   -0.9869   -0.9167   -0.8289   -0.5359   -0.2444   -0.1215  -0.06786  -0.09048   -0.2282   -0.4289   -0.6896   -0.9945    -1.296    -1.539    -1.965    -2.266    -2.442    -2.442
    -2.442    -2.442    -2.442    -2.141    -1.701    -1.487      -1.4    -1.199    -1.119    -1.109    -1.018   -0.8562   -0.6528   -0.3465   -0.1699  -0.07997  -0.07434   -0.1745   -0.3607   -0.5844   -0.8854    -1.238    -1.442    -1.701    -1.898    -2.141    -2.442    -2.442
    -2.442    -2.442    -2.141    -2.141    -1.965    -1.965    -1.701    -1.512    -1.311    -1.266    -1.071   -0.8133   -0.4899   -0.2642   -0.1289  -0.08759    -0.131   -0.2956   -0.4827   -0.7837     -1.08    -1.421    -1.743    -1.965    -2.141    -2.442    -2.442    -2.442
    -2.442    -2.442    -2.141    -2.266    -2.266    -2.266    -2.141     -1.84    -1.701    -1.421    -1.018   -0.6564   -0.3589   -0.2049   -0.1174   -0.1123    -0.219   -0.4226   -0.6288    -1.044    -1.251    -1.567    -1.965    -2.266    -2.266    -2.442    -2.442    -2.442
    -2.442    -2.442    -2.442    -2.442    -2.442    -2.442    -2.141     -1.84    -1.664    -1.152   -0.7742   -0.4549   -0.2803   -0.1675    -0.131   -0.1888   -0.3146   -0.5226   -0.7933    -1.175    -1.381    -1.701    -2.044    -2.442    -2.442    -2.442    -2.442    -2.442
    -2.442    -2.442    -2.442    -2.442    -2.442    -2.141    -1.965    -1.664    -1.238   -0.8506   -0.5814   -0.3518   -0.2458   -0.1687   -0.1937   -0.2773   -0.3964   -0.6092   -0.9298    -1.296    -1.464    -1.788    -2.266    -2.442    -2.442    -2.442    -2.442    -2.442
    -2.442    -2.442    -2.442    -2.442    -2.266    -2.044    -1.788    -1.381   -0.9646   -0.6708   -0.4247   -0.3228   -0.2362   -0.2112   -0.2542   -0.3362   -0.4779   -0.7013     -1.01    -1.363    -1.487    -1.743    -2.044    -2.442    -2.442    -2.442    -2.442    -2.442
    -2.442    -2.442    -2.442    -2.442    -2.141    -1.743    -1.512    -1.035    -0.765   -0.5359   -0.3925    -0.305   -0.2584   -0.2848   -0.3261   -0.3964   -0.5279   -0.7933    -1.071      -1.4    -1.512     -1.84    -2.141    -2.442    -2.442    -2.442    -2.442    -2.442
    -2.442    -2.442    -2.442    -2.442    -2.044    -1.629    -1.266   -0.8915   -0.6389    -0.464   -0.3735   -0.3396   -0.3082   -0.3607   -0.3829   -0.4686   -0.5754   -0.7933    -1.071    -1.421    -1.539    -1.788    -2.044    -2.442    -2.442    -2.442    -2.442    -2.442
    -2.442    -2.442    -2.442    -2.442    -2.266    -1.567    -1.141   -0.8184   -0.6189    -0.485   -0.4268   -0.3925   -0.4123   -0.4417   -0.4461   -0.5441   -0.6424   -0.8236    -1.109    -1.442    -1.597    -1.788    -1.965    -2.266    -2.442    -2.442    -2.442    -2.442
    -2.442    -2.442    -2.442    -2.442    -2.266     -1.84     -1.28   -0.9869   -0.7885   -0.7013   -0.6255   -0.5874   -0.6321   -0.6708    -0.682   -0.7093   -0.8735    -1.002    -1.238    -1.487    -1.664     -1.84    -2.044    -2.266    -2.442    -2.442    -2.442    -2.442
    -2.442    -2.442    -2.442    -2.442    -2.442    -2.266    -2.044    -1.898    -1.788    -1.743    -1.567    -1.421    -1.311    -1.296    -1.328    -1.421    -1.512    -1.567    -1.788    -2.044    -2.266    -2.141    -2.141    -2.442    -2.442    -2.442    -2.442    -2.442

    -2.366    -2.366    -2.366    -2.366    -2.366    -2.366    -2.366    -2.366    -2.366    -2.366    -2.366    -2.366    -2.366    -2.366    -2.366    -2.366    -2.366    -2.366    -2.366    -2.366    -2.366    -2.366    -2.366    -2.366    -2.366    -2.366    -2.366    -2.366
    -2.366    -2.366    -2.366    -2.366    -2.366    -2.366    -2.366    -2.366    -2.366    -2.366    -2.366    -2.366    -2.366    -2.366    -2.366    -2.366    -2.366    -2.366    -2.366    -2.366    -2.366    -2.366    -2.366    -2.366    -2.366    -2.366    -2.366    -2.366
    -2.366    -2.366    -2.366    -2.366    -2.366    -2.366    -2.366    -2.366    -2.366    -2.366    -2.366    -2.366    -2.366    -2.366    -2.366    -2.366    -2.366    -2.366    -2.366    -2.366    -2.366    -2.366    -2.366    -2.366    -2.366    -2.366    -2.366    -2.366
    -2.366    -2.366    -2.366    -2.366    -2.366    -2.366    -2.366    -2.366    -2.366    -2.366     -2.19     -2.19    -2.065    -1.968    -1.968    -1.889    -1.822    -1.889    -1.889    -2.065     -2.19    -2.366    -2.366    -2.366    -2.366    -2.366    -2.366    -2.366
    -2.366    -2.366    -2.366    -2.366    -2.366     -2.19    -2.366     -2.19    -2.065    -1.889    -1.667    -1.325    -1.065    -0.904    -0.759   -0.6631    -0.634   -0.6421   -0.7181   -0.8545    -1.024    -1.325    -1.667    -1.889     -2.19    -2.366    -2.366    -2.366
    -2.366    -2.366    -2.366    -2.366    -2.366    -2.366     -2.19    -1.968    -1.626    -1.099   -0.7924   -0.5213   -0.3842   -0.2558   -0.1678   -0.1148  -0.09808   -0.1296   -0.1932   -0.3038   -0.4579   -0.6381   -0.9116     -1.22    -1.521    -1.968    -2.065    -2.366
    -2.366    -2.366    -2.366    -2.366     -2.19    -2.366    -1.822    -1.412   -0.9514    -0.634   -0.4244   -0.2661   -0.1664  -0.08653  -0.05361   -0.0515   -0.0515  -0.07086   -0.1052   -0.1803   -0.2854   -0.4269    -0.634    -0.904    -1.205    -1.713    -1.889    -2.065
    -2.366    -2.366    -2.366    -2.366     -2.19    -1.889    -1.491   -0.9685   -0.6589    -0.417   -0.2748   -0.1678   -0.1209  -0.08312  -0.08312  -0.09342   -0.1112   -0.1172   -0.1271   -0.1678   -0.2409   -0.3473   -0.5001   -0.7279    -1.044    -1.554    -1.822    -2.065
    -2.366    -2.366    -2.366    -2.366    -2.065    -1.554    -1.136   -0.8101   -0.5307   -0.3172   -0.1962   -0.1437   -0.1259   -0.1609   -0.2141   -0.2643    -0.273   -0.2458   -0.1976   -0.1976   -0.2313   -0.2982   -0.4003   -0.6421   -0.9351    -1.437    -1.822     -2.19
    -2.366    -2.366    -2.366    -2.366    -1.764    -1.389   -0.9954   -0.7536   -0.4856   -0.2945   -0.1846    -0.165   -0.1903   -0.2748    -0.373   -0.4743   -0.4026   -0.2945   -0.2021   -0.1733   -0.1903   -0.2783   -0.4146   -0.6144   -0.9193    -1.412     -2.19    -2.366
    -2.366    -2.366    -2.366    -2.366    -1.764    -1.287    -1.024   -0.6943   -0.5213   -0.3057   -0.1962   -0.1691   -0.2051   -0.3231   -0.4319   -0.4743   -0.3536   -0.2442   -0.1529   -0.1476   -0.1775   -0.3095   -0.5152    -0.733    -1.088    -1.764     -2.19    -2.366
    -2.366    -2.366    -2.366    -2.366    -1.764    -1.287    -1.014   -0.7181   -0.5371   -0.3621   -0.2203   -0.1678   -0.1761   -0.2409   -0.3621    -0.327   -0.2218   -0.1309   -0.1172   -0.1583   -0.2609    -0.437   -0.6897    -1.014    -1.463    -1.822     -2.19     -2.19
    -2.366    -2.366    -2.366    -2.366    -1.822    -1.389    -1.055   -0.8286    -0.603   -0.4003   -0.2661   -0.1609   -0.1322   -0.1637   -0.2051   -0.1516  -0.09925  -0.08539   -0.1529   -0.2575   -0.4195   -0.6807   -0.9773    -1.389    -1.554    -1.968     -2.19     -2.19
    -2.366    -2.366    -2.366    -2.366    -1.889    -1.521    -1.205   -0.9116   -0.6897   -0.4914    -0.331   -0.1623  -0.07862  -0.06866   -0.0775  -0.06323  -0.04524   -0.1016   -0.2525   -0.4473    -0.699   -0.9685    -1.205    -1.491    -1.713    -1.968    -2.366    -2.366
    -2.366    -2.366    -2.366    -2.366    -2.366    -1.667    -1.366    -1.055   -0.7982   -0.5919   -0.3621    -0.165  -0.05467    -0.035  -0.02797  -0.02301   -0.0494   -0.1691    -0.373   -0.6631   -0.9351     -1.19    -1.437    -1.626    -1.822     -2.19    -2.366    -2.366
    -2.366    -2.366    -2.366    -2.366    -2.366    -1.889    -1.491     -1.22   -0.9271   -0.5919    -0.325   -0.1284  -0.04732  -0.02301  -0.02996  -0.03804   -0.1052   -0.2575   -0.4606   -0.7484   -0.9599    -1.252    -1.554    -1.588    -1.822    -2.366    -2.366    -2.366
    -2.366    -2.366    -2.366    -2.366     -2.19    -1.764    -1.463    -1.162   -0.8101    -0.437   -0.2187  -0.09111  -0.05573   -0.0515   -0.0775  -0.09458   -0.1476   -0.2765   -0.4447   -0.6762   -0.9193    -1.123    -1.463    -1.626    -1.822    -2.366    -2.366    -2.366
    -2.366    -2.366    -2.366    -2.366    -2.065    -1.713    -1.306   -0.8414   -0.5502   -0.2872   -0.1271  -0.08087   -0.1064   -0.1489   -0.1637   -0.1789   -0.1932    -0.273   -0.4269    -0.603   -0.8414    -1.044    -1.236    -1.491    -1.822    -2.366    -2.366    -2.366
    -2.366    -2.366    -2.366    -2.366    -2.065    -1.463    -1.014   -0.6182   -0.3797   -0.1889   -0.1209   -0.1197    -0.186   -0.2575   -0.2801   -0.2281   -0.2329   -0.2783   -0.4026    -0.574    -0.723   -0.9514    -1.162    -1.437    -1.822    -2.366    -2.366    -2.366
    -2.366    -2.366    -2.366    -2.366    -2.065     -1.22   -0.8414   -0.4914    -0.302   -0.1664   -0.1309   -0.2006   -0.3076   -0.3411    -0.325   -0.2678   -0.2525   -0.2891   -0.3621   -0.5121   -0.7181   -0.9193     -1.19    -1.463    -1.889    -2.366    -2.366    -2.366
    -2.366    -2.366    -2.366    -2.366    -1.968    -1.123   -0.6807   -0.4269   -0.2525   -0.1424   -0.1761   -0.2329   -0.3133   -0.3133   -0.2713   -0.2626   -0.2426   -0.2558   -0.3391   -0.4885   -0.7084   -0.9193    -1.252    -1.521    -1.968    -2.366    -2.366    -2.366
    -2.366    -2.366    -2.366    -2.366    -1.889    -1.055   -0.6807    -0.417   -0.2458   -0.1691   -0.1489   -0.1609   -0.1761   -0.1691    -0.165   -0.1903   -0.2126   -0.2661   -0.3752   -0.5152   -0.7536    -1.014    -1.287    -1.588    -2.065    -2.366    -2.366    -2.366
    -2.366    -2.366    -2.366    -2.366    -2.065    -1.111    -0.733   -0.4553   -0.2891   -0.1789  -0.09574  -0.07086  -0.05679  -0.06866   -0.1004   -0.1516   -0.2281   -0.3038    -0.417   -0.6068   -0.8681    -1.205    -1.345    -1.764    -2.065    -2.366    -2.366    -2.366
    -2.366    -2.366    -2.366    -2.366    -2.366    -1.287   -0.8613   -0.5883   -0.3933   -0.2575   -0.1516  -0.08312  -0.05893  -0.06866   -0.1259   -0.2096   -0.3057    -0.405   -0.5847   -0.8101    -1.176    -1.437    -1.588    -2.065     -2.19    -2.366    -2.366    -2.366
    -2.366    -2.366    -2.366    -2.366    -2.366    -1.713    -1.176   -0.9116   -0.6852   -0.5307   -0.4003   -0.3211   -0.2836   -0.2945   -0.3557   -0.4447   -0.5569   -0.6807   -0.8966    -1.149    -1.412    -1.588    -2.065    -2.366    -2.366    -2.366    -2.366    -2.366
    -2.366    -2.366    -2.366    -2.366    -2.366    -2.366    -2.366    -1.968    -1.889    -1.764    -1.626    -1.463    -1.345    -1.287    -1.287    -1.389    -1.521    -1.713    -1.764    -1.822    -2.065    -2.366    -2.366    -2.366    -2.366    -2.366    -2.366    -2.366
    -2.366    -2.366    -2.366    -2.366    -2.366    -2.366    -2.366    -2.366    -2.366    -2.366    -2.366    -2.366    -2.366    -2.366    -2.366    -2.366    -2.366    -2.366    -2.366    -2.366    -2.366     -2.19     -2.19     -2.19    -2.366    -2.366    -2.366    -2.366
    -2.366    -2.366    -2.366    -2.366    -2.366    -2.366    -2.366    -2.366    -2.366    -2.366    -2.366    -2.366    -2.366    -2.366    -2.366    -2.366    -2.366    -2.366    -2.366    -2.366    -2.366    -2.366    -2.366    -2.366    -2.366    -2.366    -2.366    -2.366

    -2.396    -2.396    -2.396    -2.396    -2.396    -2.396    -2.396    -2.396    -2.396    -2.396    -2.396    -2.396    -2.396    -2.396    -2.396    -2.396    -2.396    -2.396    -2.396    -2.396    -2.396    -2.396    -2.396    -2.396    -2.396    -2.396    -2.396    -2.396
    -2.396    -2.396    -2.396    -2.396    -2.396    -2.396    -2.396    -2.396    -2.396    -2.396    -2.396    -2.396    -2.396    -2.396    -2.396    -2.396    -2.396    -2.396    -2.396    -2.396    -2.396    -2.396    -2.396    -2.396    -2.396    -2.396    -2.396    -2.396
    -2.396    -2.396    -2.396    -2.396    -2.396    -2.396    -2.396    -2.396    -2.396    -2.396    -2.396    -2.396    -2.396    -2.396    -2.396    -2.396    -2.396    -2.396    -2.396    -2.396    -2.396    -2.396    -2.396    -2.396    -2.396    -2.396    -2.396    -2.396
    -2.396    -2.396    -2.396    -2.396    -2.396    -2.396    -2.396    -2.396    -2.396    -2.396    -2.396    -2.396    -2.396    -2.396    -2.396    -2.396    -2.396    -2.396    -2.396    -2.396    -2.396    -2.396    -2.396    -2.396    -2.396    -2.396    -2.396    -2.396
    -2.396    -2.396    -2.396    -2.396    -2.396    -2.396    -2.396    -2.396    -2.396    -2.396     -2.22    -2.095    -1.998    -1.998    -1.998    -1.998    -1.998     -2.22    -2.396    -2.396    -2.396    -2.396    -2.396    -2.396    -2.396    -2.396    -2.396    -2.396
    -2.396    -2.396    -2.396    -2.396    -2.396    -2.396    -2.396    -2.396    -2.396     -2.22    -1.852    -1.521    -1.375    -1.355    -1.266    -1.206    -1.299    -1.355    -1.551    -1.743    -1.794     -2.22    -2.396    -2.396    -2.396    -2.396    -2.396    -2.396
    -2.396    -2.396    -2.396    -2.396    -2.396    -2.396    -2.095    -1.919    -1.618    -1.192   -0.9119   -0.7105   -0.4617   -0.3116   -0.2363   -0.2129   -0.2304   -0.3028   -0.4254   -0.5833   -0.8164    -1.192    -1.998     -2.22    -2.396    -2.396    -2.396    -2.396
    -2.396    -2.396    -2.396    -2.396    -2.396    -2.095    -1.794    -1.375    -1.054   -0.7287   -0.4877   -0.2839   -0.1314  -0.06477  -0.02606  -0.02791  -0.04017  -0.08128   -0.1814   -0.3207   -0.5211    -0.846    -1.355    -1.697    -2.095    -2.396    -2.396    -2.396
    -2.396    -2.396    -2.396    -2.396    -2.095    -1.794    -1.299   -0.9648   -0.7241   -0.4444   -0.2289  -0.08763  -0.04017  -0.03922  -0.05181  -0.07814  -0.08128  -0.07814    -0.122   -0.2187   -0.3984   -0.6719    -1.064    -1.618    -2.095    -2.396    -2.396    -2.396
    -2.396    -2.396    -2.396    -2.396    -1.919    -1.375    -1.044   -0.7478   -0.4745   -0.2393  -0.09626  -0.05974  -0.07814   -0.1658   -0.2318   -0.2773   -0.2216   -0.1557   -0.1337    -0.188   -0.3528   -0.6365   -0.9897    -1.467     -2.22    -2.396    -2.396    -2.396
    -2.396    -2.396    -2.396    -2.396    -1.743    -1.141   -0.9048   -0.5767    -0.328   -0.1174   -0.0887   -0.1028   -0.2201   -0.4185    -0.629   -0.5511   -0.3528   -0.1761   -0.1232    -0.147   -0.3098   -0.6003   -0.9338    -1.467    -1.998    -2.396    -2.396    -2.396
    -2.396    -2.396    -2.396    -2.396    -1.551    -1.025   -0.7678   -0.4493   -0.2245   -0.1039   -0.1174   -0.2073   -0.4617   -0.7577   -0.7782   -0.5154   -0.2611   -0.1118  -0.08339   -0.1409   -0.3116   -0.6073    -1.016    -1.697    -2.095     -2.22    -2.396    -2.396
    -2.396    -2.396    -2.396    -2.095    -1.467   -0.9897   -0.6638   -0.3489   -0.1921   -0.1118   -0.1409    -0.345   -0.5419   -0.6519   -0.4986    -0.289   -0.1279  -0.05476  -0.07295    -0.147   -0.3648   -0.6844    -1.282    -1.852     -2.22     -2.22    -2.396    -2.396
    -2.396    -2.396    -2.396    -1.919    -1.396   -0.9897    -0.648   -0.3207   -0.1853   -0.1209    -0.167   -0.3081   -0.3876   -0.3262   -0.2424   -0.1302  -0.06376  -0.02978  -0.07502   -0.2045   -0.4693    -0.891    -1.336    -2.095     -2.22     -2.22     -2.22    -2.396
    -2.396    -2.396    -2.396    -1.919    -1.442   -0.9983   -0.6802   -0.3688   -0.2129   -0.1495   -0.1495   -0.1948   -0.1962   -0.1774   -0.1244  -0.07502  -0.03447  -0.02606   -0.1039   -0.2976   -0.6365    -1.007    -1.418    -1.998    -2.396     -2.22     -2.22    -2.396
    -2.396    -2.396    -2.396    -1.998    -1.551    -1.044   -0.7678   -0.4567    -0.274   -0.2045   -0.1683   -0.1619   -0.1582   -0.1495   -0.1118  -0.06275  -0.03353  -0.04692    -0.167   -0.4208   -0.7678    -1.206    -1.493    -2.095    -2.396     -2.22    -2.095    -2.396
    -2.396    -2.396    -2.396    -2.095    -1.743    -1.266   -0.8979    -0.629   -0.4162   -0.3063   -0.2363    -0.223   -0.2158   -0.1975   -0.1519  -0.07295  -0.04113  -0.09626   -0.2579   -0.5389   -0.9048    -1.235    -1.697     -2.22    -2.396     -2.22     -2.22    -2.396
    -2.396    -2.396     -2.22    -2.095    -2.095    -1.493    -1.129   -0.8712   -0.6802   -0.5154   -0.4254   -0.3962   -0.3709   -0.2823   -0.1709  -0.09085  -0.07502   -0.1519   -0.3509   -0.6253    -0.949    -1.396    -1.743    -1.998    -2.396    -2.396    -2.396    -2.396
    -2.396    -2.396     -2.22     -2.22     -2.22    -1.794    -1.521     -1.22    -0.973   -0.8164   -0.7195   -0.6403   -0.5069   -0.3355   -0.1761   -0.1209   -0.1209   -0.2348   -0.4372   -0.6638    -1.016    -1.467    -1.618    -1.852     -2.22    -2.396    -2.396    -2.396
    -2.396    -2.396    -2.396     -2.22     -2.22    -1.852    -1.697    -1.442    -1.299    -1.192   -0.9264   -0.7382   -0.5359    -0.328   -0.2087   -0.1774   -0.2003   -0.3374   -0.5211   -0.7195   -0.9983    -1.521    -1.618    -1.919    -1.998    -2.396    -2.396    -2.396
    -2.396    -2.396    -2.396     -2.22     -2.22    -2.095    -1.697    -1.656    -1.551    -1.179   -0.9897   -0.7334   -0.4567   -0.2941   -0.2318   -0.2348   -0.2958   -0.4006     -0.58   -0.7627    -1.007    -1.396    -1.618    -1.919    -1.998    -2.396    -2.396    -2.396
    -2.396    -2.396    -2.396    -2.396     -2.22    -2.095    -1.794    -1.583    -1.355    -1.064   -0.7834    -0.548   -0.3897    -0.301   -0.2595   -0.2773    -0.345   -0.5013   -0.6109   -0.7834   -0.9983    -1.266    -1.618    -1.919    -1.998    -2.396    -2.396    -2.396
    -2.396    -2.396    -2.396    -2.396    -2.396     -2.22    -1.743    -1.442    -1.141   -0.8777    -0.648   -0.4719   -0.3509   -0.3098   -0.3063   -0.3528   -0.4324   -0.5329   -0.6217   -0.7527    -0.949    -1.235    -1.618    -1.919    -1.998    -2.396    -2.396    -2.396
    -2.396    -2.396    -2.396    -2.396     -2.22    -2.095    -1.697    -1.235   -0.9648   -0.7527   -0.5419   -0.4493   -0.3688   -0.3568   -0.3668   -0.4139   -0.4904   -0.5542   -0.6217   -0.7834   -0.9119    -1.192    -1.521    -1.794    -2.095    -2.396    -2.396    -2.396
    -2.396    -2.396    -2.396    -2.396    -2.095    -1.852    -1.521    -1.153   -0.8979   -0.6886    -0.527   -0.4542   -0.4117   -0.4301   -0.4517    -0.485   -0.5389   -0.6003    -0.648   -0.8164   -0.9812    -1.179    -1.442    -1.743     -2.22    -2.396    -2.396    -2.396
    -2.396    -2.396    -2.396    -2.396     -2.22    -1.794    -1.442    -1.129    -0.891   -0.7195   -0.5866    -0.527    -0.527   -0.5419   -0.5669   -0.6038   -0.6328   -0.6844   -0.7527   -0.9569    -1.074     -1.25    -1.521    -1.919    -2.095    -2.396    -2.396    -2.396
    -2.396    -2.396    -2.396     -2.22    -2.095    -1.998    -1.794    -1.551    -1.317    -1.192    -1.117    -1.084    -1.064    -1.084    -1.054    -1.106    -1.141    -1.179    -1.266    -1.521    -1.618    -1.743    -1.998     -2.22    -2.396    -2.396    -2.396    -2.396
    -2.396    -2.396    -2.396    -2.396    -2.396    -2.396    -2.396    -2.396    -2.396    -2.396    -2.396    -2.396     -2.22     -2.22    -2.095     -2.22     -2.22    -2.396     -2.22    -2.095     -2.22    -2.396    -2.396    -2.396    -2.396    -2.396    -2.396    -2.396

