#  Predict  Ground
1   7  9
85   3  5
337   9  7
393   4  6
421   9  4
477   2  6
617   9  5
673   8  4
897   8  5
1009   3  2
1093   9  7
1233   8  6
1457   9  8
1737   9  3
1905   5  8
2157   9  4
2549   9  7
2577   1  3
2689   9  7
2829   2  8
2997   3  9
3137   6  4
3193   8  3
3221   9  5
3249   9  4
3277   1  7
3333   8  7
3389   6  0
3501   9  8
3557   8  3
3585   7  3
4033   3  5
4285   5  6
4397   9  4
4453   8  4
4733   9  5
4845   9  7
4929   5  0
5069   1  6
5181   9  8
5377   4  9
5433   9  7
5517   6  0
5545   4  8
5601   5  8
5657   5  8
5713   9  3
5769   8  7
5825   9  3
5853   5  6
5937   8  6
6133   3  8
6189   9  5
6273   6  2
6329   2  7
6385   8  9
6525   6  5
6553   5  8
6581   3  5
6777   9  4
6917   0  9
6945   3  8
7001   1  6
7029   6  2
7057   3  5
7169   3  2
7281   1  7
7449   4  6
7477   9  8
7561   9  4
7617   4  5
7645   6  0
7897   4  9
7925   2  7
8065   8  0
8093   9  5
8373   7  5
8625   4  9
8681   7  3
8821   5  3
8877   9  3
8933   3  8
8961   1  8
9129   1  7
9185   9  7
9241   9  4
9269   3  5
9437   6  2
9493   3  5
9633   1  6
9661   6  2
9717   9  7
9969   8  2
10193   2  8
10501   8  2
10725   6  3
10753   9  3
11005   3  5
11033   3  8
11257   7  2
11313   8  0
11453   1  2
11481   6  2
11509   5  0
11537   1  2
12069   3  2
12097   3  2
12209   8  6
12293   1  9
12321   9  4
12433   4  6
12601   2  6
12685   9  4
12713   5  0
12965   7  3
12993   3  8
13021   5  4
13049   3  5
13077   9  5
13133   6  3
13329   3  5
13385   1  6
13833   9  7
13861   1  3
13973   3  8
14001   1  7
14057   5  8
14393   8  2
14617   9  7
14701   0  5
14757   6  1
14841   7  8
14953   6  0
15009   2  6
15261   4  9
15317   9  4
15373   6  4
15485   8  9
15569   9  8
15625   8  0
15653   3  9
15737   3  8
15933   4  6
15989   9  4
16213   5  6
16269   9  7
16829   7  3
16997   5  3
17053   6  2
17193   9  4
17333   5  0
17529   5  6
17557   4  9
17753   7  4
17865   8  0
17921   4  9
18033   1  2
18341   4  9
18425   3  2
18481   1  7
18565   9  8
18985   5  2
19069   7  3
19153   1  5
19209   5  8
19349   5  1
19433   3  8
19461   7  9
19489   9  2
19629   9  4
19853   5  9
20049   1  7
20077   0  8
20105   4  7
20189   9  7
20217   4  2
20357   8  3
20525   2  6
20637   2  5
20749   1  7
21113   2  7
21197   5  0
21253   5  8
21617   4  7
21673   5  8
21897   4  8
21981   5  1
22009   9  4
22121   7  2
22205   4  9
22401   4  6
22429   4  9
22765   5  8
22849   9  4
23045   9  8
23493   3  2
23577   8  2
23605   2  0
23717   0  5
23801   9  8
23941   9  8
23997   4  6
24221   9  4
24389   8  2
24473   4  5
24585   3  8
24725   9  7
25005   3  8
25089   3  5
25173   3  8
25201   8  1
25229   4  9
25285   4  7
25677   8  5
25929   5  3
26013   9  4
26069   3  5
26545   4  5
26657   5  9
26741   2  8
26853   5  0
27105   1  8
27161   3  5
27245   3  8
27497   5  6
27553   0  2
27693   9  4
27805   8  1
