4  9
         0         0         0         0         0         0         0         0         0         0         0         0         0         0         0         0         0         0         0         0         0         0         0         0         0         0         0         0
         0   -0.0336   -0.0336   -0.0336   -0.0336   -0.0336   -0.0336   -0.0336   -0.0336   -0.0336   -0.0336   -0.0336   -0.0336   -0.0336   -0.0336   -0.0336   -0.0336   -0.0336   -0.0336   -0.0336   -0.0336   -0.0336   -0.0336   -0.0336   -0.0336   -0.0336   -0.0336   -0.0336
         0   -0.0336   -0.0336   -0.0336   -0.0336   -0.0336   -0.0336   -0.0336   -0.0336   -0.0336   -0.0336   -0.0336   -0.0336   -0.0336   -0.0336     0.143     0.143     0.143   -0.0336   -0.0336   -0.0336   -0.0336   -0.0336   -0.0336   -0.0336   -0.0336   -0.0336   -0.0336
         0   -0.0336   -0.0336   -0.0336   -0.0336   -0.0336   -0.0336   -0.0336   -0.0336   -0.0336   -0.0336     0.143     0.143     0.143     0.143     0.267     0.267     0.267     0.267     0.267     0.511     0.444     0.364   -0.0336   -0.0336   -0.0336   -0.0336   -0.0336
         0   -0.0336   -0.0336   -0.0336     0.267     0.364     0.364      0.62     0.745     0.779     0.635     0.511     0.523     0.472     0.381     0.498      0.59     0.994      1.22       1.3      1.36      1.17       1.1     0.779     0.569   -0.0336   -0.0336   -0.0336
         0   -0.0336   -0.0336   -0.0336     0.364      0.62     0.966      1.16      1.27      1.24      0.96     0.642     0.513     0.437     0.225     0.138     0.438     0.588       0.9      1.13      1.19      1.51      1.64      1.47      1.27     0.444   -0.0336   -0.0336
         0   -0.0336   -0.0336     0.267      0.62     0.966     0.883     0.896     0.796     0.507     0.298     0.141   -0.0988    -0.347     -0.57     -0.62    -0.475    -0.261   -0.0244     0.187     0.408     0.699       1.4      1.44      1.37     0.812     0.143   -0.0336
         0   -0.0336   -0.0336     0.364     0.842     0.762     0.754     0.525     0.409     0.239    0.0729    -0.114    -0.286    -0.456    -0.644     -0.69    -0.551    -0.368     -0.16    0.0276     0.174     0.427     0.788      0.87      1.02     0.842     0.364   -0.0336
         0   -0.0336   -0.0336     0.444     0.569     0.582     0.332     0.247     0.178    0.0501   -0.0819    -0.217    -0.296    -0.434      -0.6    -0.607    -0.459    -0.299    -0.139   -0.0222     0.104      0.27      0.44     0.785      0.87      0.62     0.267   -0.0336
         0   -0.0336   -0.0336     0.511     0.467     0.224     0.152     0.114     0.027   -0.0649    -0.153    -0.192    -0.236    -0.327     -0.45     -0.42    -0.274    -0.134    -0.072  -0.00368    0.0769      0.18     0.308     0.499     0.693      0.62     0.143   -0.0336
         0   -0.0336   -0.0336     0.511     0.267    0.0436     0.114    0.0249   -0.0154    -0.108   -0.0882    -0.123    -0.138    -0.169    -0.244    -0.158   -0.0704   -0.0495   -0.0278   -0.0203    0.0152    0.0737     0.138     0.267     0.222     0.267   -0.0336   -0.0336
         0   -0.0336     0.143      0.62     0.201   -0.0155    0.0499    0.0469   -0.0249   -0.0403   -0.0313   -0.0566    0.0405    0.0182    -0.153    -0.133   -0.0598   -0.0473   -0.0231   -0.0311    -0.016  -0.00951    0.0914     0.328     0.267     -0.21   -0.0336   -0.0336
         0     0.143     0.143     0.267     0.151    0.0718    0.0729    0.0348    0.0127   0.00835   -0.0124    0.0456    0.0233    -0.125    -0.254    -0.232    -0.091   -0.0497   -0.0114   -0.0336  -0.00238    -0.005     0.276     0.464     0.489   -0.0336   -0.0336   -0.0336
         0     0.143     0.143    0.0334    0.0968     0.151     0.194    0.0826    0.0684     0.051    0.0251    0.0397   -0.0784    -0.185    -0.233    -0.169   -0.0564   -0.0289   0.00415    0.0251     0.108     0.257     0.431     0.896     0.665   -0.0336     -0.21   -0.0336
         0     0.143     0.143     0.188     0.216     0.309      0.32     0.178     0.119    0.0889     0.067    0.0427   -0.0281   -0.0691    -0.118   -0.0647   -0.0142  -0.00663    0.0331     0.115      0.29     0.425     0.647      0.88     0.944   -0.0336     -0.21   -0.0336
         0   -0.0336     0.143     0.267     0.312     0.392     0.431     0.283     0.173     0.135     0.107     0.092    0.0718    0.0542    0.0303   0.00407    0.0069    0.0194    0.0807     0.224     0.371     0.605     0.676     0.921     0.812   -0.0336    -0.158   -0.0336
         0   -0.0336   -0.0336     0.267     0.504     0.592     0.523     0.397     0.266     0.196     0.144     0.137     0.118     0.108    0.0782    0.0243    0.0171    0.0521     0.138     0.273      0.42     0.537     0.715     0.936     0.779   -0.0336   -0.0336   -0.0336
         0   -0.0336     -0.21    -0.158      0.54     0.671     0.574     0.479     0.374     0.248     0.169     0.161     0.134    0.0918    0.0312   0.00154    0.0117    0.0465     0.128     0.215     0.329      0.54     0.531     0.444     0.665     0.267     0.143   -0.0336
         0   -0.0336     -0.21     -0.21     0.392     0.665      0.66     0.539     0.359     0.244     0.173     0.127    0.0815     0.028   -0.0349   -0.0144   -0.0188    0.0342    0.0388    0.0974     0.209     0.417      0.23    0.0244   -0.0336   -0.0336     0.143   -0.0336
         0   -0.0336   -0.0336     -0.21   -0.0336     0.325     0.511     0.302     0.192     0.151    -0.041   -0.0581   0.00648   -0.0467   -0.0479   -0.0245  -0.00674    0.0459     0.048    0.0751       0.1     0.381     0.143   -0.0336    -0.255   -0.0336   -0.0336   -0.0336
         0   -0.0336   -0.0336     -0.21   -0.0336     0.209    0.0804     0.129     0.163    -0.105   -0.0784  -0.00171    -0.081   -0.0731   -0.0518   -0.0321    0.0289    0.0334    0.0587    0.0889     0.102     0.256     0.188    0.0334    -0.255   -0.0336   -0.0336   -0.0336
         0   -0.0336   -0.0336   -0.0336     -0.21    -0.335    -0.335    -0.302     -0.23    -0.287    -0.177    -0.137    -0.106   -0.0776   -0.0769   -0.0556    0.0208     0.065    0.0474     0.121     0.113     0.158      0.23     0.188     -0.13     0.143   -0.0336   -0.0336
         0   -0.0336   -0.0336   -0.0336   -0.0336   -0.0336    -0.511    -0.289    -0.414    -0.285    -0.174    -0.158    -0.122   -0.0905   -0.0762   -0.0296    0.0401    0.0808    0.0493    0.0902    0.0508     0.117     0.249      0.23   -0.0336     0.143   -0.0336   -0.0336
         0   -0.0336   -0.0336   -0.0336     -0.21    -0.158    -0.255    -0.542    -0.424    -0.262    -0.254    -0.171    -0.137   -0.0773   -0.0784    -0.018    0.0291    0.0665    0.0276     0.057    0.0136    0.0524    0.0691    0.0634    0.0634   -0.0336   -0.0336   -0.0336
         0   -0.0336   -0.0336   -0.0336    -0.335    -0.578    -0.511    -0.733    -0.578    -0.379    -0.359     -0.29    -0.255    -0.204    -0.146    -0.132   -0.0985   -0.0698    -0.129    -0.108    -0.147    -0.251     -0.21   -0.0847    0.0914   -0.0336   -0.0336   -0.0336
         0   -0.0336   -0.0336   -0.0336     -0.21    -0.636    -0.988        -1    -0.995    -0.756    -0.843    -0.925    -0.861     -0.67    -0.501    -0.455    -0.507    -0.631    -0.774     -0.66    -0.615    -0.703    -0.608     -0.21    -0.158   -0.0336   -0.0336   -0.0336
         0   -0.0336   -0.0336     -0.21    -0.335    -0.431    -0.636    -0.879    -0.937     -1.06     -1.31     -1.35     -1.37     -1.17     -1.38     -1.15    -0.988     -0.95    -0.863    -0.733    -0.812    -0.687    -0.431     -0.21   -0.0336   -0.0336   -0.0336   -0.0336
         0   -0.0336   -0.0336   -0.0336   -0.0336   -0.0336   -0.0336   -0.0336   -0.0336   -0.0336   -0.0336   -0.0336     -0.21     -0.21    -0.335     -0.21     -0.21   -0.0336     -0.21    -0.335     -0.21   -0.0336   -0.0336   -0.0336   -0.0336   -0.0336   -0.0336   -0.0336

5  3
         0         0         0         0         0         0         0         0         0         0         0         0         0         0         0         0         0         0         0         0         0         0         0         0         0         0         0         0
         0     0.055     0.055     0.055     0.055     0.055     0.055     0.055     0.055     0.055     0.055     0.055     0.055     0.055     0.055     0.055     0.055     0.055     0.055     0.055     0.055     0.055     0.055     0.055     0.055     0.055     0.055     0.055
         0     0.055     0.055     0.055     0.055     0.055     0.055     0.055     0.055     0.055     0.055     0.055     0.055     0.055     0.055     0.055     0.055     0.055     0.055     0.055     0.055     0.055     0.055     0.055     0.055     0.055     0.055     0.055
         0     0.055     0.055     0.055     0.055    -0.121    -0.121    -0.121    -0.246    -0.422    -0.489    -0.422    -0.343    -0.297      -0.2    -0.121    -0.134    -0.218    -0.121     0.055     0.356     0.532     0.708     0.599     0.453     0.055     0.055     0.055
         0     0.055     0.055    -0.121    -0.246    -0.598    -0.758     -0.93    -0.675    -0.605    -0.648    -0.569    -0.583    -0.487    -0.457     -0.37    -0.289    -0.184    -0.057    0.0716     0.368     0.645      1.03      1.13      1.15     0.532     0.055     0.055
         0     0.055     0.055    -0.422     -0.79     -1.11     -0.82    -0.593    -0.572    -0.564    -0.535    -0.451    -0.387    -0.342    -0.298    -0.256    -0.204    -0.123   -0.0441    0.0664     0.227     0.443      0.78      1.18      1.56       1.1     0.453     0.055
         0     0.055     0.055    -0.723     -1.02    -0.986    -0.767     -0.66    -0.528     -0.47    -0.409     -0.32    -0.291    -0.231    -0.199    -0.178    -0.164    -0.126   -0.0409    0.0448     0.169     0.352     0.545      1.08      1.81      1.52     0.795     0.231
         0    -0.121     0.055    -0.758     -1.14     -0.79    -0.703    -0.544    -0.434    -0.336    -0.239    -0.169   -0.0887   -0.0452   -0.0541   -0.0617   -0.0612   -0.0803   -0.0747   -0.0136     0.104     0.309     0.543      0.91      1.91      1.69      1.06     0.231
         0     0.055     0.055     -0.82    -0.999    -0.653    -0.588     -0.32    -0.184    -0.109   -0.0168      0.13     0.183     0.207      0.17    0.0697   -0.0286   -0.0761   -0.0847   -0.0704    0.0375     0.253     0.523     0.854      1.84      1.65      1.08     0.356
         0     0.055    -0.121    -0.644    -0.547    -0.525    -0.391   -0.0526    0.0991     0.231     0.336     0.411     0.378     0.325     0.182    -0.019    -0.169    -0.239    -0.248    -0.193    -0.117     0.074     0.391     0.829      1.64      1.43     0.795     0.231
         0     0.055    -0.121    -0.343      -0.2    -0.313   -0.0141     0.328     0.462      0.53     0.576     0.535     0.416      0.24    0.0274    -0.173    -0.355    -0.415    -0.418      -0.4     -0.28   -0.0911     0.102     0.505      1.22     0.984     0.356     0.055
         0     0.055     0.055    -0.121     0.122     0.055     0.437     0.626      0.66     0.584     0.486     0.344     0.176   0.00628    -0.158    -0.299    -0.394    -0.478    -0.513    -0.512    -0.511    -0.362   -0.0797     0.231     0.708     0.532     0.231     0.055
         0     0.055     0.055     0.055     0.231     0.356     0.692      0.72     0.599     0.472     0.317     0.162    0.0236   -0.0979    -0.215    -0.296    -0.344    -0.364    -0.331    -0.318    -0.241   -0.0604   -0.0699      0.31     0.231     0.231     0.055     0.055
         0     0.055     0.055    -0.121     0.231      0.56     0.683     0.532     0.462     0.338     0.182    0.0744     -0.03   -0.0985    -0.165    -0.197    -0.232    -0.245    -0.203    -0.164   -0.0431     0.008      0.19     0.152     0.356     0.055     0.055     0.055
         0     0.055     0.055     0.055     0.055     0.414      0.55     0.536     0.372     0.251     0.148    0.0431   -0.0174   -0.0674   -0.0965    -0.139    -0.145    -0.176    -0.158    -0.125   -0.0742    0.0476   -0.0339     0.277     0.277     0.055     0.055     0.055
         0     0.055     0.055      0.18     0.201      0.38     0.458     0.374     0.315     0.207     0.128    0.0423   0.00487   -0.0295   -0.0449   -0.0661    -0.127    -0.143    -0.177    -0.149   -0.0901   -0.0699     0.055    0.0872     0.277     0.231    -0.121     0.055
         0     0.055    -0.343    -0.297     0.122     0.055     0.277     0.289     0.258     0.222     0.147     0.149     0.113     0.123    0.0964    0.0484   -0.0486    -0.109    -0.155    -0.166    -0.123   -0.0829   -0.0275      0.13     0.356     0.231     0.055     0.055
         0     0.055    -0.422    -0.622    -0.349   -0.0224     0.249     0.255     0.182     0.145     0.275     0.246     0.272     0.337     0.248     0.102     0.012    -0.074    -0.133    -0.167    -0.111   -0.0633   -0.0451     0.108     0.277     0.231     0.055     0.055
         0     0.055    -0.246    -0.915     -0.47   -0.0444     0.123      0.16     0.136     0.201      0.18      0.22     0.343     0.377     0.272     0.119    0.0269   -0.0405   -0.0934    -0.162    -0.111   -0.0873   -0.0797      0.14     0.277     0.231     0.055     0.055
         0     0.055    -0.297    -0.848      -0.6     -0.16      0.04     0.124     0.165     0.241     0.267     0.335     0.346     0.273     0.181    0.0569   -0.0222   -0.0603   -0.0884    -0.133    -0.139    -0.085   -0.0785     0.134     0.356     0.231     0.055     0.055
         0     0.055    -0.343    -0.962    -0.727    -0.261   -0.0253    0.0445    0.0724     0.109     0.141      0.14     0.128    0.0771  -0.00299   -0.0352   -0.0817    -0.103    -0.107    -0.112    -0.134    -0.121    -0.194     0.122     0.481     0.055     0.055     0.055
         0     0.055    -0.644     -1.09    -0.762    -0.302    -0.138     -0.03   -0.0128     0.022    0.0197    0.0303   0.00881   -0.0213   -0.0615   -0.0874   -0.0996    -0.093    -0.102    -0.104    -0.109    -0.143   -0.0656     0.231     0.532     0.055     0.055     0.055
         0     0.055    -0.547     -1.12    -0.905    -0.496     -0.23     -0.14   -0.0994    -0.053   -0.0371   -0.0558    -0.078     -0.08   -0.0903    -0.106   -0.0863   -0.0911   -0.0587    -0.115    -0.105    -0.101    0.0067     0.356     0.356     0.055     0.055     0.055
         0     0.055    -0.246    -0.899    -0.918    -0.723    -0.336    -0.248    -0.208    -0.161    -0.122    -0.112    -0.115    -0.125      -0.1   -0.0742    -0.089   -0.0552   -0.0712   -0.0781   -0.0293     0.139     0.356     0.277     0.231     0.055     0.055     0.055
         0     0.055     0.055    -0.547    -0.622    -0.765    -0.422    -0.373    -0.224     -0.14    -0.105   -0.0887   -0.0753   -0.0531  -0.00256   -0.0278   0.00385     0.055     0.115     0.139     0.277     0.231     0.231     0.055     0.055     0.055     0.055     0.055
         0     0.055     0.055    -0.121    -0.343    -0.167    -0.287    -0.159    -0.111     0.038     0.122     0.055     0.055  -0.00946    0.0945      0.16     0.231     0.231   -0.0119   -0.0699    -0.246    -0.121    -0.121     0.055     0.055     0.055     0.055     0.055
         0     0.055     0.055     0.055     0.055     0.055     0.231     0.231     0.356     0.356     0.277     0.277     0.231     0.152   -0.0699   -0.0699     0.055     0.055     0.055    -0.121    -0.121    -0.121     0.055     0.055     0.055     0.055     0.055     0.055
         0     0.055     0.055     0.055     0.055     0.055     0.055     0.055     0.055     0.055     0.055     0.055     0.055     0.055     0.055     0.055     0.055     0.055     0.055     0.055     0.055     0.055     0.055     0.055     0.055     0.055     0.055     0.055

7  9
         0         0         0         0         0         0         0         0         0         0         0         0         0         0         0         0         0         0         0         0         0         0         0         0         0         0         0         0
         0   -0.0455   -0.0455   -0.0455   -0.0455   -0.0455   -0.0455   -0.0455   -0.0455   -0.0455   -0.0455   -0.0455   -0.0455   -0.0455   -0.0455   -0.0455   -0.0455   -0.0455   -0.0455   -0.0455   -0.0455   -0.0455   -0.0455   -0.0455   -0.0455   -0.0455   -0.0455   -0.0455
         0   -0.0455   -0.0455   -0.0455   -0.0455   -0.0455   -0.0455   -0.0455   -0.0455   -0.0455   -0.0455   -0.0455   -0.0455   -0.0455   -0.0455   -0.0455   -0.0455   -0.0455   -0.0455   -0.0455   -0.0455   -0.0455   -0.0455   -0.0455   -0.0455   -0.0455   -0.0455   -0.0455
         0   -0.0455   -0.0455   -0.0455   -0.0455   -0.0455   -0.0455   -0.0455   -0.0455   -0.0455   -0.0455   -0.0455   -0.0455   -0.0455   -0.0455   -0.0455   -0.0455   -0.0455   -0.0455   -0.0455   -0.0455   -0.0455   -0.0455   -0.0455   -0.0455   -0.0455   -0.0455   -0.0455
         0   -0.0455   -0.0455   -0.0455   -0.0455   -0.0455   -0.0455   -0.0455   -0.0455   -0.0455    -0.222     -0.17    -0.267    -0.267    -0.267    -0.267    -0.443    -0.222   -0.0455   -0.0455   -0.0455   -0.0455   -0.0455   -0.0455   -0.0455   -0.0455   -0.0455   -0.0455
         0   -0.0455   -0.0455   -0.0455   -0.0455     0.131     0.131     0.432     0.499      0.38     0.109    -0.222    -0.326    -0.388    -0.435    -0.537    -0.489    -0.689    -0.715    -0.699    -0.648   -0.0455     0.131   -0.0455   -0.0455   -0.0455   -0.0455   -0.0455
         0   -0.0455   -0.0455   -0.0455     0.432     0.767     0.714     0.708     0.499      0.14   0.00168    -0.187    -0.367    -0.467    -0.529    -0.561    -0.563    -0.553    -0.498    -0.536    -0.511     -0.32     0.402     0.322   -0.0455   -0.0455   -0.0455   -0.0455
         0     0.131     0.256     0.695      1.12      1.06      1.02     0.726     0.539     0.342     0.152    0.0021    -0.117    -0.161    -0.184    -0.183    -0.162     -0.14   -0.0771   -0.0207     0.019     0.133      0.32      0.21    0.0514   -0.0455   -0.0455   -0.0455
         0     0.256     0.695      1.12      1.17      1.12     0.805      0.62     0.484     0.265     0.104   -0.0107   -0.0407   -0.0379   -0.0197    0.0167    0.0134  -0.00278    0.0277     0.058     0.101     0.219     0.294     0.444     0.198   -0.0455   -0.0455   -0.0455
         0     0.499     0.884      1.24      1.12     0.825      0.64     0.495     0.313     0.135     0.021  -0.00265    0.0176     0.103     0.164      0.22     0.183     0.116     0.075    0.0727     0.134     0.244     0.296     0.368      0.38   -0.0455   -0.0455   -0.0455
         0     0.432     0.884      1.29     0.987     0.589     0.501      0.31     0.142   -0.0276   -0.0391   -0.0444    0.0385     0.215     0.409     0.361     0.222     0.106    0.0626    0.0377    0.0909     0.192     0.182     0.268     0.159   -0.0455   -0.0455   -0.0455
         0     0.352     0.767      1.24     0.706     0.324     0.256    0.0921   -0.0649    -0.162    -0.189    -0.161    0.0265      0.27     0.256      0.14    0.0524   0.00251    0.0137    0.0194    0.0686     0.139     0.198     0.432     0.131    -0.222   -0.0455   -0.0455
         0     0.131     0.695      0.83      0.48     0.166    0.0546    -0.153    -0.245    -0.323    -0.351    -0.271    -0.205    -0.156    -0.227    -0.184    -0.108   -0.0465  -0.00514   -0.0159    0.0692     0.124     0.339     0.452    0.0794    -0.222   -0.0455   -0.0455
         0     0.131     0.352     0.455     0.222   -0.0207     -0.15    -0.347     -0.44    -0.495    -0.546    -0.565    -0.631    -0.735    -0.532    -0.278    -0.114   -0.0559   -0.0155    0.0156     0.071     0.209     0.265     0.466    0.0794   -0.0455    -0.222   -0.0455
         0   -0.0455     0.131     0.131     0.131    -0.132    -0.256    -0.434    -0.552    -0.685    -0.815    -0.876    -0.903    -0.809    -0.515     -0.21    -0.085   -0.0558  0.000705    0.0391     0.122     0.214     0.289     0.511     0.499     0.176    -0.222   -0.0455
         0   -0.0455   -0.0455   -0.0455     0.131     -0.18    -0.331    -0.473    -0.676    -0.767    -0.826    -0.848    -0.799    -0.611    -0.279    -0.116   -0.0464     -0.02    0.0209     0.069     0.201      0.32     0.363     0.653     0.557     0.176    -0.347   -0.0455
         0   -0.0455   -0.0455   -0.0455     0.146   -0.0455    -0.277    -0.451    -0.578    -0.688    -0.751    -0.694    -0.613    -0.338   -0.0925   -0.0486   -0.0267   0.00578    0.0297      0.11     0.215      0.24     0.402     0.682     0.432   -0.0455    -0.222   -0.0455
         0   -0.0455    -0.222   -0.0455     0.394   0.00566    -0.271    -0.328    -0.439    -0.594    -0.593     -0.46    -0.282   -0.0643   0.00104    0.0109  0.000676   -0.0226  -0.00983     0.041    0.0636     0.159     0.301     0.297     0.499     0.256   -0.0455   -0.0455
         0   -0.0455    0.0794    0.0794     0.256     -0.17     -0.18    -0.292    -0.338    -0.449    -0.351    -0.173     0.017    0.0713    0.0472    0.0333   -0.0101   -0.0607   -0.0455     -0.12    -0.064    0.0463    -0.125    -0.112    0.0794   -0.0455   -0.0455   -0.0455
         0   -0.0455     0.256   -0.0455   -0.0455    -0.413    -0.443    -0.398    -0.402    -0.228   -0.0921    0.0818     0.177     0.123    0.0913    0.0651   -0.0187   -0.0852    -0.108    -0.324    -0.253   -0.0455    -0.347    -0.347    -0.267   -0.0455   -0.0455   -0.0455
         0   -0.0455   -0.0455    -0.222    -0.222    -0.347    -0.443    -0.184    -0.112    0.0271     0.215     0.279     0.176     0.127     0.101     0.046   -0.0188    -0.122    -0.213    -0.412    -0.374    -0.305    -0.426    -0.523    -0.443   -0.0455   -0.0455   -0.0455
         0   -0.0455   -0.0455   -0.0455    -0.222   -0.0455     -0.17   -0.0803     0.117     0.213     0.202     0.196     0.144     0.132    0.0658 -6.87e-05   -0.0513    -0.108    -0.319    -0.512    -0.466    -0.523    -0.648    -0.523    -0.443   -0.0455   -0.0455   -0.0455
         0   -0.0455   -0.0455   -0.0455     0.131     0.176   -0.0455     0.061     0.176     0.207     0.223     0.149     0.115    0.0986    0.0521    0.0167   -0.0455    -0.168    -0.389     -0.61    -0.538    -0.508    -0.426    -0.523    -0.443   -0.0455   -0.0455   -0.0455
         0   -0.0455   -0.0455   -0.0455    0.0794     0.352     0.185       0.2       0.2     0.217     0.149     0.144      0.11    0.0719    0.0407    0.0176   -0.0375    -0.239    -0.449    -0.617      -0.6    -0.648     -0.62    -0.648    -0.347   -0.0455   -0.0455   -0.0455
         0   -0.0455   -0.0455   -0.0455    0.0514     0.223     0.256     0.262     0.259     0.225     0.153     0.115     0.104    0.0693    0.0688    0.0165   -0.0365    -0.193    -0.423    -0.604    -0.557     -0.61    -0.602    -0.699    -0.222   -0.0455   -0.0455   -0.0455
         0   -0.0455   -0.0455   -0.0455   -0.0455     0.228     0.301     0.311     0.272     0.234      0.16     0.134     0.115       0.1     0.121    0.0597  -0.00958    -0.139    -0.357    -0.485    -0.523    -0.538    -0.443    -0.347    -0.347   -0.0455   -0.0455   -0.0455
         0   -0.0455   -0.0455    -0.222     -0.17     0.159     0.514     0.564     0.529     0.491     0.492     0.497     0.432     0.414     0.372     0.397     0.267     0.176    0.0283    0.0337   -0.0455   -0.0966   -0.0455   -0.0455   -0.0455   -0.0455   -0.0455   -0.0455
         0   -0.0455   -0.0455   -0.0455   -0.0455     0.131     0.352     0.499     0.608     0.653      0.83     0.976     0.909     0.925     0.767       0.8     0.708      0.83     0.432    0.0514   -0.0455     0.256     0.256   -0.0455   -0.0455   -0.0455   -0.0455   -0.0455

8  3
         0         0         0         0         0         0         0         0         0         0         0         0         0         0         0         0         0         0         0         0         0         0         0         0         0         0         0         0
         0     0.028     0.028     0.028     0.028     0.028     0.028     0.028     0.028     0.028     0.028     0.028     0.028     0.028     0.028     0.028     0.028     0.028     0.028     0.028     0.028     0.028     0.028     0.028     0.028     0.028     0.028     0.028
         0     0.028     0.028     0.028     0.028     0.028     0.028     0.028     0.028     0.028     0.028     0.028     0.028     0.028     0.028     0.028     0.028     0.028     0.028     0.028     0.028     0.028     0.028     0.028     0.028     0.028     0.028     0.028
         0     0.028     0.028     0.028     0.028    -0.148    -0.148    -0.148    -0.273    -0.449     -0.34    -0.574    -0.546    -0.528    -0.528    -0.449    -0.357     -0.37    -0.148    -0.273   -0.0969    -0.148     0.028     0.028     0.028     0.028     0.028     0.028
         0     0.028     0.028    -0.148    -0.273    -0.449    -0.785    -0.957        -1        -1    -0.997    -0.785     -0.61    -0.499    -0.375    -0.273    -0.191     -0.12    -0.064   -0.0455     0.103     0.115      0.25     0.204     0.204     0.028     0.028     0.028
         0     0.028     0.028    -0.449    -0.817     -1.13     -1.15     -1.18     -1.03    -0.676    -0.507    -0.319    -0.231    -0.137   -0.0633  -0.00476    0.0435    0.0844     0.113     0.117     0.169     0.272     0.422      0.63     0.873     0.426     0.329     0.028
         0     0.028     0.028     -0.75    -0.875     -1.31      -1.1    -0.863    -0.563    -0.367    -0.272    -0.161    -0.089   -0.0315  -0.00844   -0.0073  -0.00144    0.0291    0.0811     0.102     0.145     0.247     0.329     0.645      1.19     0.681     0.505     0.329
         0    -0.148     0.028    -0.785    -0.986    -0.942    -0.809    -0.452     -0.31    -0.166   -0.0776   -0.0126    0.0243    0.0573    0.0349   0.00109  -0.00895   -0.0194   0.00726    0.0392     0.104     0.244     0.396      0.57      1.35     0.841     0.572     0.329
         0     0.028     0.028    -0.847    -0.901    -0.566    -0.385    -0.197   -0.0606    0.0686     0.151     0.211     0.235     0.198      0.11   -0.0312    -0.105    -0.103    -0.045   0.00509     0.106     0.297      0.51     0.673      1.46     0.957     0.572     0.204
         0     0.028    -0.148    -0.671     -0.37    -0.273    -0.126     0.028     0.197     0.336     0.421     0.434     0.353     0.214    0.0215    -0.207    -0.235    -0.174   -0.0605    0.0598     0.193     0.368       0.6     0.877      1.48     0.982     0.204     0.028
         0     0.028    -0.148     -0.37   -0.0231     0.086      0.14     0.399     0.426     0.532     0.555     0.505     0.338    0.0846    -0.151    -0.304    -0.256     -0.14    0.0124     0.159     0.314     0.499     0.636     0.921      1.31      0.63     0.204     0.028
         0     0.028     0.028    -0.148     0.153     0.408     0.451     0.579     0.525     0.453     0.396     0.272     0.125   -0.0382    -0.245    -0.251     -0.16   -0.0175     0.113     0.254     0.378     0.586      0.83     0.903     0.931     0.572     0.204     0.204
         0     0.028     0.028     0.028     0.271     0.529     0.562     0.487     0.329     0.242     0.158    0.0889   0.00944   -0.0713    -0.154    -0.106   -0.0311    0.0574     0.131     0.239     0.357     0.538     0.639     0.608     0.841     0.426     0.204     0.204
         0     0.028     0.028    -0.148     0.204     0.475     0.411     0.193    0.0867   0.00546   -0.0471   -0.0121   0.00941   -0.0166   -0.0314   -0.0102    0.0332    0.0152   0.00843  0.000164    0.0471     0.136     0.449     0.602     0.681     0.426     0.028     0.028
         0     0.028     0.028     0.028     -0.37     0.183     0.125     0.061   -0.0712    -0.137   -0.0646   0.00801    0.0714    0.0683     0.072    0.0682    0.0484   -0.0591    -0.183    -0.312    -0.373    -0.266    -0.173     0.291     0.396     0.204     0.028     0.028
         0     0.028     0.028    -0.148     -0.37    -0.148   -0.0263   -0.0811    -0.118   -0.0235    0.0917     0.183     0.223      0.23     0.208     0.175    0.0413    -0.135    -0.319    -0.521     -0.51    -0.539    -0.402  -0.00673     0.396     0.028    -0.148     0.028
         0     0.028     -0.37    -0.625    -0.574    -0.449    -0.148   -0.0109     0.169     0.361     0.435      0.54     0.539      0.51     0.414       0.3     0.104    -0.129    -0.317    -0.487    -0.554    -0.525    -0.484    -0.135     0.396     0.028     0.028     0.028
         0     0.028    -0.449     -0.95     -0.95    -0.708    -0.291     0.173     0.421     0.692     0.925     0.943     0.882     0.783     0.573     0.294     0.115   -0.0813    -0.294    -0.433    -0.502    -0.463    -0.373    -0.158     0.396     0.028     0.028     0.028
         0     0.028    -0.449     -1.12      -1.2    -0.712    -0.344    0.0519     0.397     0.766     0.921     0.985     0.965      0.73     0.456      0.25    0.0561   -0.0728     -0.25    -0.394    -0.376     -0.39    -0.342    -0.103     0.396     0.028     0.028     0.028
         0     0.028    -0.625     -1.27     -1.39    -0.674    -0.394   -0.0389     0.241     0.525     0.672     0.696     0.555     0.363     0.197    0.0698   -0.0356    -0.129    -0.213    -0.301    -0.353    -0.328    -0.327   -0.0689     0.329     0.028     0.028     0.028
         0     0.028    -0.671     -1.39     -1.33    -0.683    -0.349    -0.129    0.0556     0.231     0.248      0.22      0.11    0.0204   -0.0352   -0.0935     -0.12    -0.141    -0.176    -0.203    -0.285    -0.269    -0.297   -0.0811      0.25     0.028     0.028     0.028
         0     0.028    -0.671     -1.29     -1.22    -0.579    -0.393    -0.196   -0.0623    0.0105    0.0241    0.0227  -0.00824     -0.03   -0.0617    -0.113    -0.124    -0.135    -0.133     -0.14    -0.213    -0.233     -0.11     0.107     0.329     0.028     0.028     0.028
         0     0.028    -0.574     -1.15     -1.23    -0.546    -0.376     -0.21    -0.126   -0.0598  -0.00557 -0.000687 -0.000798   -0.0147   -0.0444   -0.0731   -0.0889   -0.0662   -0.0312   -0.0636   -0.0811    -0.143    0.0715     0.232     0.329     0.028     0.028     0.028
         0     0.028    -0.273    -0.926     -1.34    -0.484    -0.327    -0.217    -0.148    -0.106   -0.0382    0.0049    0.0206    0.0172   0.00613  -0.00123   -0.0047    0.0499    0.0655     0.028   -0.0121     0.112     0.408     0.153     0.204     0.028     0.028     0.028
         0     0.028     0.028    -0.574     -0.95    -0.536    -0.213    -0.175   -0.0466    0.0249    0.0857     0.117     0.135     0.153     0.178     0.168      0.23     0.299     0.368       0.4     0.329     0.329     0.028    -0.148     0.028     0.028     0.028     0.028
         0     0.028     0.028    -0.148     -0.37     -0.37    -0.712    -0.528    -0.536    -0.484    -0.311     -0.23   -0.0969   -0.0542     0.086     0.265     0.271     0.204     0.086     0.271     0.028    -0.148    -0.148     0.028     0.028     0.028     0.028     0.028
         0     0.028     0.028     0.028     0.028     0.028     0.028     0.028     0.028     0.028    -0.148    -0.148    -0.273    -0.273    -0.273    -0.273    -0.148    -0.148    -0.148    -0.148    -0.148     0.028     0.204     0.204     0.028     0.028     0.028     0.028
         0     0.028     0.028     0.028     0.028     0.028     0.028     0.028     0.028     0.028     0.028     0.028     0.028     0.028     0.028     0.028     0.028     0.028     0.028     0.028     0.028     0.028     0.028     0.028     0.028     0.028     0.028     0.028

